Inicio dos resultados
write() takes no keyword arguments
Inicio dos resultados
1 1 1 1 1 1 1 1 0 1 1 0 1 1 1 1 0 1 1 0 
1 1 1 1 0 1 x 1 1 1 1 1 1 1 1 1 1 1 1 1 
1 1 0 1 1 1 x 1 1 1 1 1 0 1 1 1 1 1 1 1 
1 1 1 1 1 0 x 0 1 1 1 1 1 1 1 0 1 1 1 1 
1 1 1 1 1 1 x 1 1 1 1 0 1 1 1 1 1 1 1 1 
1 1 1 1 1 0 x 1 1 1 1 1 1 1 1 0 1 1 1 1 
1 1 0 1 1 1 x 1 1 1 1 1 0 1 1 1 1 1 1 1 
1 1 1 1 1 1 x 1 1 1 1 1 1 1 1 1 1 0 1 0 
1 0 1 1 1 x x 1 1 1 1 1 1 0 1 1 1 1 1 1 
1 1 x x x x 0 1 1 1 1 1 1 1 1 1 1 1 1 1 
x x x 0 1 1 1 1 1 1 1 0 1 1 1 0 1 0 1 1 
1 1 1 1 1 1 1 0 1 1 1 1 1 0 1 1 1 1 1 1 
1 1 0 1 0 1 1 1 1 1 0 1 1 1 1 1 0 1 1 1 
1 1 1 1 1 1 0 1 1 1 1 1 1 1 1 1 1 1 1 1 
1 1 1 1 1 1 1 1 1 1 1 1 1 1 1 1 1 1 1 1 
1 1 1 0 1 0 1 1 1 1 1 1 1 1 1 1 0 1 1 1 
1 1 1 1 1 1 1 1 1 1 0 1 1 1 1 1 1 1 0 1 
1 1 1 1 1 1 1 0 1 1 1 1 1 1 1 1 1 1 1 1 
1 1 1 0 1 1 1 1 1 1 1 1 1 1 1 1 1 1 1 1 
0 1 1 1 1 1 1 1 1 1 1 0 1 1 1 1 1 1 1 1 


******************** PROBLEMA 1 - RandomGoalState - LAO *********************

******************** Politica 1 - RandomGoalState - LAO *********************
(367, 0)
(347, 0)
(327, 0)
(307, 0)
(287, 0)
(267, 0)
(247, 0)
(227, 2)
(226, 0)
(206, 2)
(205, 2)
(204, 2)
(203, 0)
(183, 2)
(182, 2)
(181, 0)

******************** Valor 1 - RandomGoalState - LAO *********************

******************** Tempo 1 - RandomGoalState - LAO *********************
240924 milissegundos
148 iteracoes
