Inicio dos resultados


******************** PROBLEMA 2 - DeterministicGoalState - It_value *********************

******************** Politica 2 - DeterministicGoalState - It_value *********************
(1, 1)
(2, 1)
(4, 1)
(5, 1)
(6, 1)
(7, 1)
(8, 1)
(9, 1)
(10, 1)
(11, 1)
(12, 1)
(13, 1)
(14, 1)
(16, 1)
(17, 1)
(19, 1)
(20, 3)
(21, 1)
(22, 1)
(23, 3)
(24, 1)
(25, 1)
(26, 1)
(27, 1)
(28, 1)
(29, 1)
(30, 1)
(31, 1)
(32, 1)
(33, 1)
(34, 1)
(35, 1)
(36, 1)
(37, 1)
(38, 1)
(39, 1)
(40, 1)
(41, 1)
(42, 1)
(43, 3)
(44, 1)
(45, 3)
(46, 1)
(47, 1)
(48, 3)
(49, 1)
(50, 1)
(51, 1)
(52, 1)
(53, 1)
(54, 1)
(55, 1)
(56, 1)
(57, 1)
(58, 1)
(59, 1)
(61, 1)
(62, 1)
(64, 1)
(65, 1)
(66, 1)
(67, 1)
(68, 1)
(69, 1)
(70, 1)
(71, 1)
(72, 1)
(73, 1)
(74, 1)
(75, 2)
(76, 1)
(77, 3)
(78, 1)
(79, 1)
(80, 1)
(81, 1)
(82, 1)
(84, 1)
(86, 1)
(87, 1)
(89, 1)
(90, 1)
(91, 3)
(92, 1)
(93, 3)
(94, 1)
(95, 1)
(96, 1)
(97, 1)
(98, 1)
(99, 1)
(100, 1)
(101, 1)
(102, 1)
(103, 1)
(104, 1)
(105, 3)
(106, 1)
(107, 1)
(108, 1)
(109, 1)
(110, 1)
(111, 1)
(112, 1)
(113, 3)
(114, 1)
(116, 1)
(118, 1)
(119, 1)
(120, 1)
(121, 1)
(122, 1)
(123, 1)
(124, 1)
(125, 1)
(126, 1)
(127, 1)
(128, 1)
(129, 1)
(130, 1)
(132, 1)
(134, 1)
(135, 1)
(136, 1)
(137, 1)
(138, 3)
(139, 1)
(140, 1)
(141, 1)
(142, 3)
(143, 1)
(144, 1)
(146, 1)
(147, 3)
(148, 1)
(149, 1)
(150, 1)
(151, 3)
(152, 1)
(154, 1)
(155, 1)
(156, 1)
(157, 1)
(158, 1)
(159, 3)
(160, 1)
(161, 1)
(162, 1)
(163, 1)
(164, 1)
(165, 1)
(166, 1)
(167, 1)
(168, 1)
(169, 3)
(170, 1)
(171, 1)
(172, 1)
(173, 3)
(174, 1)
(175, 1)
(176, 1)
(177, 1)
(179, 1)
(180, 1)
(181, 1)
(183, 1)
(184, 3)
(185, 1)
(186, 1)
(188, 1)
(189, 3)
(190, 1)
(192, 1)
(193, 1)
(194, 1)
(195, 2)
(196, 1)
(197, 1)
(198, 1)
(200, 1)
(201, 1)
(202, 1)
(203, 1)
(204, 1)
(205, 1)
(206, 1)
(207, 1)
(208, 1)
(210, 1)
(211, 1)
(212, 1)
(214, 1)
(215, 1)
(216, 1)
(217, 3)
(218, 1)
(219, 1)
(220, 1)
(221, 1)
(222, 1)
(223, 1)
(225, 1)
(226, 1)
(227, 1)
(228, 1)
(230, 1)
(231, 1)
(232, 3)
(233, 1)
(234, 1)
(236, 1)
(237, 1)
(238, 1)
(239, 1)
(240, 1)
(241, 1)
(242, 3)
(243, 1)
(244, 1)
(245, 1)
(246, 1)
(247, 1)
(248, 3)
(249, 1)
(250, 1)
(251, 1)
(252, 1)
(253, 1)
(254, 1)
(255, 3)
(256, 1)
(258, 1)
(259, 1)
(260, 1)
(261, 1)
(262, 1)
(263, 1)
(264, 3)
(265, 1)
(266, 1)
(267, 1)
(268, 1)
(269, 1)
(270, 1)
(271, 1)
(273, 1)
(274, 1)
(275, 1)
(276, 1)
(277, 3)
(278, 1)
(279, 1)
(280, 1)
(281, 1)
(283, 1)
(284, 1)
(285, 3)
(286, 1)
(287, 1)
(289, 1)
(290, 3)
(291, 1)
(292, 1)
(293, 1)
(294, 1)
(296, 1)
(297, 1)
(298, 1)
(299, 1)
(300, 1)
(301, 1)
(302, 1)
(303, 1)
(305, 1)
(306, 1)
(307, 1)
(308, 3)
(309, 1)
(310, 1)
(311, 1)
(312, 1)
(313, 3)
(314, 1)
(315, 1)
(316, 1)
(318, 1)
(319, 1)
(320, 1)
(321, 1)
(322, 1)
(323, 1)
(324, 1)
(326, 1)
(327, 1)
(328, 1)
(329, 1)
(331, 1)
(332, 1)
(333, 1)
(334, 1)
(335, 1)
(336, 1)
(337, 1)
(338, 1)
(339, 1)
(340, 1)
(341, 1)
(342, 1)
(343, 1)
(344, 1)
(345, 1)
(346, 1)
(347, 1)
(349, 1)
(350, 1)
(351, 3)
(352, 1)
(354, 1)
(355, 1)
(356, 1)
(357, 1)
(358, 1)
(359, 1)
(360, 1)
(361, 1)
(362, 3)
(363, 1)
(364, 1)
(365, 1)
(366, 1)
(367, 1)
(368, 1)
(369, 1)
(370, 1)
(371, 1)
(372, 1)
(373, 1)
(374, 1)
(375, 1)
(376, 1)
(377, 1)
(378, 1)
(379, 1)
(380, 1)
(381, 1)
(382, 3)
(383, 1)
(384, 1)
(385, 1)
(386, 1)
(387, 1)
(388, 1)
(389, 1)
(390, 1)
(392, 1)
(393, 1)
(394, 3)
(395, 1)
(396, 2)
(397, 1)
(398, 1)
(399, 3)
(400, 1)
(401, 1)
(403, 1)
(404, 1)
(405, 1)
(406, 1)
(407, 1)
(408, 1)
(409, 1)
(410, 1)
(411, 3)
(412, 1)
(413, 1)
(414, 1)
(415, 1)
(416, 3)
(417, 1)
(418, 1)
(419, 1)
(420, 1)
(421, 1)
(423, 1)
(424, 1)
(425, 1)
(426, 1)
(427, 1)
(428, 3)
(429, 1)
(430, 1)
(431, 1)
(432, 1)
(433, 1)
(435, 1)
(437, 1)
(438, 1)
(440, 1)
(441, 3)
(442, 1)
(443, 1)
(444, 1)
(445, 1)
(446, 1)
(447, 1)
(448, 1)
(449, 1)
(450, 1)
(452, 1)
(453, 1)
(454, 1)
(455, 1)
(457, 1)
(458, 1)
(459, 1)
(460, 1)
(461, 3)
(462, 1)
(463, 1)
(464, 1)
(465, 3)
(466, 1)
(467, 1)
(469, 1)
(470, 1)
(471, 1)
(472, 1)
(473, 1)
(474, 1)
(475, 1)
(476, 1)
(477, 2)
(478, 1)
(479, 1)
(480, 1)
(482, 1)
(483, 1)
(484, 1)
(485, 1)
(486, 3)
(487, 1)
(488, 1)
(489, 1)
(490, 1)
(491, 1)
(492, 1)
(493, 3)
(494, 1)
(495, 1)
(496, 1)
(497, 1)
(498, 1)
(499, 1)
(500, 1)
(502, 1)
(503, 1)
(504, 1)
(506, 1)
(507, 1)
(508, 1)
(509, 1)
(510, 1)
(511, 3)
(512, 1)
(513, 1)
(514, 1)
(515, 1)
(516, 1)
(518, 1)
(519, 1)
(520, 1)
(521, 1)
(522, 1)
(523, 1)
(524, 1)
(525, 1)
(527, 1)
(528, 1)
(529, 1)
(530, 3)
(531, 1)
(532, 1)
(534, 1)
(535, 1)
(536, 1)
(537, 1)
(538, 1)
(539, 1)
(540, 1)
(541, 1)
(542, 3)
(543, 1)
(544, 1)
(545, 1)
(546, 3)
(547, 1)
(548, 1)
(549, 1)
(550, 1)
(552, 1)
(553, 1)
(554, 3)
(555, 1)
(556, 1)
(557, 1)
(558, 1)
(559, 3)
(560, 1)
(561, 1)
(562, 3)
(563, 1)
(564, 1)
(565, 1)
(566, 1)
(567, 1)
(568, 1)
(569, 1)
(571, 1)
(572, 1)
(573, 1)
(574, 1)
(575, 1)
(576, 1)
(577, 1)
(578, 1)
(579, 1)
(580, 1)
(581, 1)
(583, 1)
(584, 3)
(585, 1)
(587, 1)
(588, 1)
(589, 1)
(590, 1)
(591, 1)
(592, 1)
(593, 1)
(595, 1)
(596, 1)
(597, 1)
(598, 1)
(600, 1)
(601, 1)
(603, 1)
(604, 1)
(605, 3)
(606, 1)
(607, 1)
(608, 3)
(609, 1)
(610, 1)
(611, 1)
(612, 1)
(613, 3)
(614, 1)
(615, 1)
(616, 1)
(617, 1)
(618, 1)
(619, 1)
(620, 1)
(621, 1)
(622, 1)
(623, 1)
(625, 1)
(626, 1)
(627, 1)
(628, 1)
(629, 3)
(630, 1)
(631, 1)
(632, 1)
(633, 1)
(634, 1)
(635, 1)
(636, 1)
(637, 2)
(638, 1)
(639, 1)
(640, 1)
(641, 1)
(642, 1)
(643, 1)
(644, 1)
(646, 1)
(647, 1)
(649, 1)
(650, 1)
(651, 1)
(652, 1)
(654, 1)
(655, 1)
(656, 1)
(657, 1)
(658, 3)
(659, 1)
(660, 1)
(661, 3)
(662, 1)
(663, 3)
(664, 1)
(665, 3)
(666, 1)
(667, 1)
(668, 1)
(670, 1)
(671, 1)
(672, 1)
(673, 1)
(674, 1)
(675, 3)
(676, 1)
(678, 1)
(679, 1)
(680, 1)
(681, 1)
(682, 1)
(683, 1)
(684, 1)
(685, 3)
(686, 1)
(687, 1)
(688, 1)
(689, 1)
(690, 1)
(691, 1)
(692, 3)
(693, 1)
(694, 3)
(695, 1)
(696, 1)
(697, 1)
(699, 1)
(700, 1)
(702, 1)
(704, 1)
(706, 1)
(707, 1)
(708, 1)
(709, 1)
(710, 1)
(711, 1)
(712, 1)
(713, 3)
(714, 1)
(716, 1)
(717, 1)
(718, 1)
(719, 1)
(720, 1)
(721, 1)
(722, 1)
(723, 3)
(724, 1)
(726, 1)
(727, 1)
(728, 1)
(729, 1)
(730, 3)
(731, 1)
(733, 1)
(735, 1)
(736, 1)
(737, 1)
(738, 1)
(739, 1)
(740, 1)
(741, 1)
(742, 1)
(743, 3)
(744, 1)
(745, 1)
(746, 3)
(747, 1)
(748, 1)
(749, 3)
(750, 1)
(751, 1)
(752, 1)
(754, 1)
(755, 1)
(756, 1)
(757, 1)
(758, 1)
(759, 3)
(760, 1)
(761, 1)
(762, 1)
(764, 1)
(765, 1)
(766, 1)
(767, 3)
(768, 1)
(769, 1)
(771, 1)
(772, 1)
(773, 1)
(774, 1)
(775, 1)
(776, 1)
(777, 1)
(778, 3)
(779, 1)
(780, 3)
(781, 1)
(782, 1)
(784, 1)
(785, 1)
(787, 1)
(788, 1)
(790, 1)
(791, 3)
(792, 1)
(793, 1)
(794, 1)
(795, 3)
(796, 1)
(797, 2)
(798, 1)
(800, 1)
(801, 1)
(802, 3)
(803, 1)
(804, 1)
(805, 3)
(806, 1)
(808, 1)
(809, 1)
(810, 3)
(811, 1)
(812, 3)
(813, 1)
(814, 1)
(815, 3)
(816, 1)
(817, 1)
(819, 1)
(821, 1)
(822, 1)
(823, 1)
(824, 1)
(825, 1)
(826, 1)
(827, 1)
(828, 1)
(829, 1)
(830, 1)
(832, 1)
(833, 1)
(834, 1)
(836, 1)
(838, 1)
(839, 3)
(840, 1)
(841, 1)
(843, 1)
(844, 1)
(846, 1)
(847, 1)
(848, 1)
(849, 1)
(851, 1)
(853, 1)
(854, 1)
(856, 1)
(857, 1)
(858, 1)
(859, 1)
(860, 1)
(861, 1)
(862, 1)
(863, 1)
(864, 3)
(865, 1)
(866, 1)
(867, 1)
(868, 3)
(869, 1)
(870, 1)
(871, 1)
(872, 1)
(873, 1)
(874, 1)
(875, 1)
(876, 1)
(877, 1)
(878, 1)
(880, 1)
(881, 1)
(882, 1)
(883, 1)
(884, 1)
(885, 1)
(886, 1)
(887, 1)
(888, 3)
(889, 1)
(890, 1)
(891, 1)
(892, 1)
(893, 3)
(894, 1)
(895, 1)
(896, 1)
(897, 3)
(898, 1)
(899, 1)
(900, 1)
(901, 1)
(902, 3)
(903, 1)
(905, 1)
(906, 1)
(907, 1)
(909, 1)
(910, 1)
(911, 1)
(912, 1)
(913, 1)
(914, 1)
(915, 1)
(916, 1)
(917, 1)
(918, 2)
(919, 1)
(920, 1)
(921, 1)
(922, 3)
(923, 1)
(924, 1)
(925, 1)
(926, 1)
(927, 1)
(929, 1)
(930, 1)
(931, 1)
(932, 1)
(934, 1)
(935, 1)
(936, 1)
(938, 1)
(939, 1)
(940, 1)
(941, 1)
(943, 1)
(944, 1)
(945, 1)
(946, 1)
(947, 1)
(948, 3)
(949, 1)
(950, 1)
(951, 1)
(952, 3)
(953, 1)
(954, 1)
(955, 1)
(956, 1)
(957, 1)
(959, 1)
(960, 1)
(961, 1)
(963, 1)
(964, 1)
(965, 1)
(966, 1)
(967, 1)
(968, 3)
(969, 1)
(970, 1)
(971, 1)
(972, 1)
(973, 1)
(974, 1)
(975, 1)
(976, 1)
(977, 1)
(978, 3)
(979, 1)
(980, 1)
(981, 1)
(982, 1)
(983, 1)
(984, 1)
(985, 3)
(986, 1)
(987, 1)
(989, 1)
(990, 3)
(991, 1)
(993, 1)
(994, 3)
(995, 1)
(996, 1)
(997, 1)
(998, 1)
(999, 2)
(1000, 1)
(1001, 1)
(1002, 1)
(1003, 1)
(1004, 1)
(1005, 1)
(1006, 1)
(1007, 1)
(1009, 1)
(1010, 1)
(1011, 1)
(1012, 1)
(1013, 1)
(1014, 3)
(1015, 1)
(1016, 1)
(1017, 1)
(1019, 1)
(1020, 1)
(1021, 1)
(1022, 3)
(1023, 1)
(1024, 1)
(1026, 1)
(1027, 1)
(1028, 1)
(1029, 1)
(1031, 1)
(1032, 1)
(1033, 1)
(1035, 1)
(1036, 1)
(1037, 1)
(1038, 1)
(1040, 1)
(1041, 1)
(1042, 1)
(1043, 1)
(1044, 1)
(1045, 1)
(1046, 1)
(1047, 1)
(1048, 1)
(1049, 1)
(1050, 3)
(1051, 1)
(1052, 1)
(1053, 1)
(1055, 1)
(1056, 1)
(1057, 1)
(1058, 1)
(1059, 3)
(1060, 1)
(1061, 1)
(1063, 1)
(1064, 1)
(1065, 1)
(1066, 1)
(1067, 1)
(1068, 1)
(1069, 1)
(1070, 1)
(1071, 1)
(1072, 3)
(1073, 1)
(1074, 1)
(1075, 1)
(1076, 1)
(1077, 1)
(1078, 1)
(1079, 1)
(1080, 1)
(1081, 1)
(1082, 1)
(1083, 3)
(1084, 1)
(1085, 1)
(1086, 1)
(1087, 1)
(1088, 1)
(1089, 1)
(1091, 1)
(1092, 3)
(1093, 1)
(1094, 1)
(1095, 1)
(1096, 1)
(1097, 1)
(1098, 1)
(1100, 1)
(1101, 1)
(1102, 1)
(1103, 1)
(1104, 1)
(1105, 3)
(1106, 1)
(1107, 1)
(1108, 1)
(1109, 1)
(1110, 3)
(1111, 1)
(1113, 1)
(1114, 1)
(1115, 1)
(1116, 1)
(1117, 1)
(1118, 1)
(1119, 1)
(1120, 1)
(1121, 1)
(1122, 1)
(1124, 1)
(1125, 1)
(1126, 1)
(1127, 3)
(1128, 1)
(1129, 1)
(1130, 1)
(1131, 1)
(1133, 1)
(1134, 1)
(1135, 3)
(1136, 1)
(1137, 1)
(1138, 1)
(1139, 1)
(1140, 1)
(1141, 3)
(1142, 1)
(1143, 1)
(1144, 1)
(1146, 1)
(1147, 1)
(1148, 3)
(1149, 1)
(1151, 1)
(1152, 1)
(1153, 3)
(1154, 1)
(1155, 1)
(1156, 1)
(1157, 3)
(1158, 1)
(1159, 1)
(1160, 1)
(1161, 1)
(1162, 3)
(1163, 1)
(1164, 1)
(1165, 1)
(1166, 1)
(1168, 1)
(1169, 1)
(1170, 1)
(1171, 1)
(1172, 1)
(1173, 1)
(1174, 1)
(1176, 1)
(1177, 1)
(1178, 1)
(1179, 3)
(1180, 1)
(1182, 1)
(1183, 1)
(1184, 1)
(1185, 1)
(1186, 3)
(1187, 1)
(1189, 1)
(1190, 1)
(1191, 1)
(1192, 1)
(1194, 1)
(1195, 1)
(1196, 1)
(1198, 1)
(1199, 2)
(1200, 1)
(1201, 1)
(1203, 1)
(1204, 1)
(1205, 3)
(1206, 1)
(1207, 3)
(1208, 1)
(1209, 1)
(1210, 1)
(1211, 1)
(1212, 1)
(1213, 1)
(1214, 1)
(1215, 1)
(1216, 1)
(1217, 1)
(1218, 1)
(1220, 1)
(1221, 1)
(1222, 1)
(1223, 1)
(1224, 1)
(1225, 1)
(1227, 1)
(1228, 1)
(1229, 1)
(1230, 1)
(1231, 3)
(1232, 1)
(1233, 1)
(1234, 1)
(1235, 1)
(1236, 3)
(1237, 1)
(1238, 1)
(1240, 1)
(1241, 1)
(1242, 3)
(1243, 1)
(1244, 1)
(1246, 1)
(1248, 1)
(1249, 1)
(1250, 1)
(1251, 1)
(1252, 3)
(1253, 1)
(1254, 1)
(1255, 1)
(1256, 1)
(1257, 1)
(1258, 1)
(1259, 1)
(1260, 1)
(1261, 1)
(1262, 1)
(1263, 1)
(1264, 3)
(1265, 1)
(1266, 1)
(1267, 1)
(1268, 1)
(1269, 1)
(1270, 1)
(1272, 1)
(1273, 1)
(1274, 1)
(1275, 1)
(1277, 1)
(1278, 3)
(1279, 1)
(1280, 1)
(1281, 1)
(1283, 1)
(1284, 3)
(1285, 1)
(1286, 3)
(1287, 1)
(1288, 1)
(1289, 3)
(1290, 1)
(1291, 1)
(1293, 1)
(1294, 1)
(1295, 1)
(1296, 1)
(1297, 1)
(1298, 1)
(1299, 1)
(1300, 1)
(1301, 1)
(1302, 1)
(1303, 1)
(1305, 1)
(1306, 1)
(1307, 1)
(1308, 1)
(1309, 1)
(1310, 1)
(1311, 1)
(1312, 1)
(1313, 1)
(1314, 1)
(1315, 1)
(1316, 1)
(1317, 1)
(1319, 1)
(1320, 1)
(1321, 1)
(1322, 1)
(1323, 1)
(1325, 1)
(1327, 1)
(1328, 1)
(1330, 1)
(1331, 1)
(1332, 1)
(1333, 1)
(1334, 1)
(1335, 1)
(1336, 1)
(1337, 1)
(1338, 1)
(1339, 1)
(1340, 1)
(1341, 1)
(1342, 3)
(1343, 1)
(1344, 1)
(1345, 1)
(1346, 1)
(1347, 1)
(1348, 1)
(1349, 1)
(1350, 1)
(1351, 3)
(1352, 1)
(1353, 1)
(1354, 1)
(1355, 1)
(1356, 1)
(1357, 1)
(1358, 1)
(1359, 1)
(1360, 2)
(1361, 3)
(1362, 3)
(1363, 3)
(1364, 1)
(1365, 1)
(1366, 1)
(1367, 1)
(1368, 1)
(1369, 3)
(1370, 1)
(1371, 1)
(1372, 1)
(1373, 1)
(1374, 1)
(1375, 1)
(1376, 1)
(1377, 3)
(1378, 1)
(1379, 1)
(1380, 1)
(1381, 1)
(1383, 1)
(1384, 1)
(1385, 3)
(1386, 1)
(1387, 3)
(1388, 1)
(1389, 1)
(1390, 1)
(1392, 1)
(1393, 3)
(1394, 1)
(1395, 3)
(1396, 1)
(1397, 1)
(1398, 3)
(1399, 1)
(1401, 0)
(1402, 0)
(1404, 3)
(1405, 3)
(1406, 1)
(1407, 1)
(1408, 1)
(1410, 1)
(1411, 1)
(1412, 1)
(1413, 1)
(1414, 1)
(1415, 1)
(1416, 1)
(1418, 1)
(1419, 3)
(1420, 1)
(1421, 1)
(1422, 1)
(1423, 1)
(1424, 1)
(1426, 1)
(1428, 1)
(1429, 1)
(1430, 1)
(1431, 1)
(1432, 1)
(1434, 1)
(1436, 1)
(1437, 1)
(1439, 1)
(1440, 1)
(1441, 1)
(1442, 1)
(1443, 3)
(1444, 0)
(1446, 3)
(1447, 3)
(1448, 3)
(1449, 3)
(1450, 3)
(1451, 3)
(1452, 3)
(1453, 1)
(1454, 1)
(1455, 1)
(1456, 1)
(1457, 1)
(1458, 1)
(1460, 1)
(1461, 1)
(1462, 1)
(1463, 1)
(1464, 1)
(1465, 1)
(1466, 1)
(1467, 1)
(1468, 1)
(1469, 1)
(1470, 1)
(1471, 3)
(1472, 1)
(1473, 1)
(1474, 1)
(1475, 1)
(1476, 1)
(1477, 1)
(1478, 1)
(1479, 1)
(1480, 1)
(1481, 1)
(1482, 1)
(1484, 1)
(1485, 1)
(1486, 0)
(1488, 0)
(1489, 0)
(1490, 0)
(1491, 0)
(1493, 3)
(1494, 3)
(1495, 1)
(1496, 1)
(1497, 1)
(1498, 1)
(1499, 1)
(1500, 1)
(1501, 1)
(1502, 1)
(1503, 1)
(1504, 1)
(1505, 1)
(1506, 1)
(1507, 1)
(1508, 1)
(1509, 3)
(1510, 1)
(1512, 1)
(1513, 1)
(1514, 1)
(1515, 1)
(1516, 3)
(1517, 1)
(1518, 1)
(1519, 1)
(1520, 1)
(1521, 3)
(1522, 3)
(1523, 3)
(1524, 3)
(1525, 3)
(1526, 3)
(1527, 1)
(1528, 1)
(1529, 1)
(1531, 1)
(1532, 1)
(1533, 0)
(1535, 3)
(1536, 3)
(1537, 3)
(1538, 3)
(1539, 3)
(1540, 1)
(1541, 1)
(1542, 1)
(1543, 1)
(1544, 1)
(1545, 1)
(1546, 1)
(1547, 1)
(1548, 1)
(1550, 1)
(1551, 1)
(1552, 1)
(1553, 1)
(1554, 1)
(1555, 1)
(1557, 1)
(1558, 1)
(1559, 1)
(1560, 1)
(1561, 0)
(1563, 0)
(1564, 0)
(1565, 0)
(1567, 3)
(1568, 3)
(1569, 3)
(1570, 3)
(1571, 3)
(1572, 3)
(1573, 3)
(1574, 3)
(1575, 0)
(1576, 0)
(1577, 0)
(1578, 0)
(1580, 3)
(1581, 3)
(1582, 3)
(1583, 3)
(1584, 3)
(1585, 3)
(1586, 3)
(1587, 3)
(1588, 3)
(1589, 3)
(1590, 3)
(1591, 3)
(1592, 3)
(1593, 3)
(1594, 3)
(1595, 3)
(1596, 3)
(1597, 3)
(1598, 3)
(1599, 3)
(1600, 0)

******************** Valor 2 - DeterministicGoalState - It_value *********************
1: 79.00013601411077
2: 78.56706745018603
3: 0.0
4: 77.68850185075723
5: 77.23747726922332
6: 76.77753977707063
7: 76.30837235055698
8: 75.82974563351482
9: 75.34145533636035
10: 74.84330225055825
11: 74.33508594621378
12: 73.81660278200476
13: 73.28764524834361
14: 72.74800171425387
15: 0.0
16: 71.6357887434804
17: 71.06277437459892
18: 0.0
19: 69.8817836338223
20: 69.27333481834309
21: 68.65259410760237
22: 68.01931318048318
23: 67.37323869928082
24: 66.7141122083572
25: 66.04167003074824
26: 65.35564316268253
27: 64.65575716596902
28: 63.94173205821082
29: 63.21328220080093
30: 62.470116184655495
31: 61.71193671363842
32: 60.93844048563112
33: 60.14931807119943
34: 59.34425378980953
35: 60.14931807119943
36: 59.34425378980953
37: 58.522925583543056
38: 57.68500488826109
39: 56.83015650216535
40: 55.95803845170404
41: 78.56706745018603
42: 78.13121112292069
43: 77.68850185075723
44: 77.23747726922332
45: 76.77753977707063
46: 76.30837235055698
47: 75.82974563351482
48: 75.34145533636035
49: 74.84330225055825
50: 74.33508594621378
51: 73.81660278200476
52: 73.28764524834361
53: 72.74800171425387
54: 72.19745629336023
55: 71.6357887434804
56: 71.06277437459892
57: 70.47818395790867
58: 69.8817836338223
59: 69.27333481834309
60: 0.0
61: 68.01931318048318
62: 67.37323869928082
63: 0.0
64: 66.04167003074824
65: 65.35564316268253
66: 64.65575716596902
67: 63.94173205821082
68: 63.21328220080093
69: 62.470116184655495
70: 61.71193671363842
71: 60.93844048563112
72: 60.14931807119943
73: 59.34425378980953
74: 58.522925583543056
75: 59.34425378980953
76: 58.522925583543056
77: 57.68500488826109
78: 56.83015650216535
79: 55.95803845170404
80: 55.06830185476876
81: 78.13121112292069
82: 77.68850185075723
83: 0.0
84: 76.77753977707063
85: 0.0
86: 75.82974563351482
87: 75.34145533636035
88: 0.0
89: 74.33508594621378
90: 73.81660278200476
91: 73.28764524834361
92: 72.74800171425387
93: 72.19745629336023
94: 71.6357887434804
95: 71.06277437459892
96: 70.47818395790867
97: 69.8817836338223
98: 69.27333481834309
99: 68.65259410760237
100: 68.01931318048318
101: 67.37323869928082
102: 66.7141122083572
103: 66.04167003074824
104: 65.35564316268253
105: 64.65575716596902
106: 63.94173205821082
107: 63.21328220080093
108: 62.470116184655495
109: 61.71193671363842
110: 60.93844048563112
111: 60.14931807119943
112: 59.34425378980953
113: 58.522925583543056
114: 57.68500488826109
115: 0.0
116: 57.68500488826109
117: 0.0
118: 55.95803845170404
119: 55.06830185476876
120: 54.16059078112772
121: 77.68850185075723
122: 77.23747726922332
123: 76.77753977707063
124: 76.30837235055698
125: 75.82974563351482
126: 75.34145533636035
127: 74.84330225055825
128: 74.33508594621378
129: 73.81660278200476
130: 73.28764524834361
131: 0.0
132: 72.19745629336023
133: 0.0
134: 71.06277437459892
135: 70.47818395790867
136: 69.8817836338223
137: 69.27333481834309
138: 68.65259410760237
139: 68.01931318048318
140: 67.37323869928082
141: 66.7141122083572
142: 66.04167003074824
143: 65.35564316268253
144: 64.65575716596902
145: 0.0
146: 63.21328220080093
147: 62.470116184655495
148: 61.71193671363842
149: 60.93844048563112
150: 60.14931807119943
151: 59.34425378980953
152: 58.522925583543056
153: 0.0
154: 56.83015650216535
155: 57.68500488826109
156: 56.83015650216535
157: 55.95803845170404
158: 55.06830185476876
159: 54.16059078112772
160: 53.2345421100394
161: 77.23747726922332
162: 76.77753977707063
163: 76.30837235055698
164: 75.82974563351482
165: 75.34145533636035
166: 74.84330225055825
167: 74.33508594621378
168: 73.81660278200476
169: 73.28764524834361
170: 72.74800171425387
171: 72.19745629336023
172: 71.6357887434804
173: 71.06277437459892
174: 70.47818395790867
175: 69.8817836338223
176: 69.27333481834309
177: 68.65259410760237
178: 0.0
179: 67.37323869928082
180: 66.7141122083572
181: 66.04167003074824
182: 0.0
183: 64.65575716596902
184: 63.94173205821082
185: 63.21328220080093
186: 62.470116184655495
187: 0.0
188: 60.93844048563112
189: 60.14931807119943
190: 59.34425378980953
191: 0.0
192: 57.68500488826109
193: 56.83015650216535
194: 55.95803845170404
195: 56.83015650216535
196: 55.95803845170404
197: 55.06830185476876
198: 54.16059078112772
199: 0.0
200: 52.289785384989685
201: 76.77753977707063
202: 76.30837235055698
203: 75.82974563351482
204: 75.34145533636035
205: 74.84330225055825
206: 74.33508594621378
207: 73.81660278200476
208: 73.28764524834361
209: 0.0
210: 72.19745629336023
211: 71.6357887434804
212: 71.06277437459892
213: 0.0
214: 69.8817836338223
215: 69.27333481834309
216: 68.65259410760237
217: 68.01931318048318
218: 67.37323869928082
219: 66.7141122083572
220: 66.04167003074824
221: 65.35564316268253
222: 64.65575716596902
223: 63.94173205821082
224: 0.0
225: 62.470116184655495
226: 61.71193671363842
227: 60.93844048563112
228: 60.14931807119943
229: 0.0
230: 58.522925583543056
231: 57.68500488826109
232: 56.83015650216535
233: 55.95803845170404
234: 55.06830185476876
235: 0.0
236: 55.06830185476876
237: 54.16059078112772
238: 53.2345421100394
239: 52.289785384989685
240: 51.32594266549452
241: 76.30837235055698
242: 75.82974563351482
243: 75.34145533636035
244: 74.84330225055825
245: 74.33508594621378
246: 73.81660278200476
247: 73.28764524834361
248: 72.74800171425387
249: 72.19745629336023
250: 71.6357887434804
251: 71.06277437459892
252: 70.47818395790867
253: 69.8817836338223
254: 69.27333481834309
255: 68.65259410760237
256: 68.01931318048318
257: 0.0
258: 66.7141122083572
259: 66.04167003074824
260: 65.35564316268253
261: 64.65575716596902
262: 63.94173205821082
263: 63.21328220080093
264: 62.470116184655495
265: 61.71193671363842
266: 60.93844048563112
267: 60.14931807119943
268: 59.34425378980953
269: 58.522925583543056
270: 57.68500488826109
271: 56.83015650216535
272: 0.0
273: 55.06830185476876
274: 54.16059078112772
275: 53.2345421100394
276: 54.16059078112772
277: 53.2345421100394
278: 52.289785384989685
279: 51.32594266549452
280: 50.342628375908546
281: 75.82974563351482
282: 0.0
283: 74.84330225055825
284: 74.33508594621378
285: 73.81660278200476
286: 73.28764524834361
287: 72.74800171425387
288: 0.0
289: 71.6357887434804
290: 71.06277437459892
291: 70.47818395790867
292: 69.8817836338223
293: 69.27333481834309
294: 68.65259410760237
295: 0.0
296: 67.37323869928082
297: 66.7141122083572
298: 66.04167003074824
299: 65.35564316268253
300: 64.65575716596902
301: 63.94173205821082
302: 63.21328220080093
303: 62.470116184655495
304: 0.0
305: 60.93844048563112
306: 60.14931807119943
307: 59.34425378980953
308: 58.522925583543056
309: 57.68500488826109
310: 56.83015650216535
311: 55.95803845170404
312: 55.06830185476876
313: 54.16059078112772
314: 53.2345421100394
315: 52.289785384989685
316: 53.2345421100394
317: 0.0
318: 51.32594266549452
319: 50.342628375908546
320: 49.33944915117942
321: 75.34145533636035
322: 74.84330225055825
323: 74.33508594621378
324: 73.81660278200476
325: 0.0
326: 72.74800171425387
327: 72.19745629336023
328: 71.6357887434804
329: 71.06277437459892
330: 0.0
331: 69.8817836338223
332: 69.27333481834309
333: 68.65259410760237
334: 68.01931318048318
335: 67.37323869928082
336: 66.7141122083572
337: 66.04167003074824
338: 65.35564316268253
339: 64.65575716596902
340: 63.94173205821082
341: 63.21328220080093
342: 62.470116184655495
343: 61.71193671363842
344: 60.93844048563112
345: 60.14931807119943
346: 59.34425378980953
347: 58.522925583543056
348: 0.0
349: 56.83015650216535
350: 55.95803845170404
351: 55.06830185476876
352: 54.16059078112772
353: 0.0
354: 52.289785384989685
355: 51.32594266549452
356: 52.289785384989685
357: 51.32594266549452
358: 50.342628375908546
359: 49.33944915117942
360: 48.31600367948607
361: 74.84330225055825
362: 74.33508594621378
363: 73.81660278200476
364: 73.28764524834361
365: 72.74800171425387
366: 72.19745629336023
367: 71.6357887434804
368: 71.06277437459892
369: 70.47818395790867
370: 69.8817836338223
371: 69.27333481834309
372: 68.65259410760237
373: 68.01931318048318
374: 67.37323869928082
375: 66.7141122083572
376: 66.04167003074824
377: 65.35564316268253
378: 64.65575716596902
379: 63.94173205821082
380: 63.21328220080093
381: 62.470116184655495
382: 61.71193671363842
383: 60.93844048563112
384: 60.14931807119943
385: 59.34425378980953
386: 58.522925583543056
387: 57.68500488826109
388: 56.83015650216535
389: 55.95803845170404
390: 55.06830185476876
391: 0.0
392: 53.2345421100394
393: 52.289785384989685
394: 51.32594266549452
395: 50.342628375908546
396: 51.32594266549452
397: 50.342628375908546
398: 49.33944915117942
399: 48.31600367948607
400: 47.271882541697906
401: 74.33508594621378
402: 0.0
403: 73.28764524834361
404: 72.74800171425387
405: 72.19745629336023
406: 71.6357887434804
407: 71.06277437459892
408: 70.47818395790867
409: 69.8817836338223
410: 69.27333481834309
411: 68.65259410760237
412: 68.01931318048318
413: 67.37323869928082
414: 66.7141122083572
415: 66.04167003074824
416: 65.35564316268253
417: 64.65575716596902
418: 63.94173205821082
419: 63.21328220080093
420: 62.470116184655495
421: 61.71193671363842
422: 0.0
423: 60.14931807119943
424: 59.34425378980953
425: 58.522925583543056
426: 57.68500488826109
427: 56.83015650216535
428: 55.95803845170404
429: 55.06830185476876
430: 54.16059078112772
431: 53.2345421100394
432: 52.289785384989685
433: 51.32594266549452
434: 0.0
435: 49.33944915117942
436: 0.0
437: 49.33944915117942
438: 48.31600367948607
439: 0.0
440: 46.20666804759078
441: 73.81660278200476
442: 73.28764524834361
443: 72.74800171425387
444: 72.19745629336023
445: 71.6357887434804
446: 71.06277437459892
447: 70.47818395790867
448: 69.8817836338223
449: 69.27333481834309
450: 68.65259410760237
451: 0.0
452: 67.37323869928082
453: 66.7141122083572
454: 66.04167003074824
455: 65.35564316268253
456: 0.0
457: 63.94173205821082
458: 63.21328220080093
459: 62.470116184655495
460: 61.71193671363842
461: 60.93844048563112
462: 60.14931807119943
463: 59.34425378980953
464: 58.522925583543056
465: 57.68500488826109
466: 56.83015650216535
467: 55.95803845170404
468: 0.0
469: 54.16059078112772
470: 53.2345421100394
471: 52.289785384989685
472: 51.32594266549452
473: 50.342628375908546
474: 49.33944915117942
475: 48.31600367948607
476: 47.271882541697906
477: 48.31600367948607
478: 47.271882541697906
479: 46.20666804759078
480: 45.11993406875423
481: 0.0
482: 72.74800171425387
483: 72.19745629336023
484: 71.6357887434804
485: 71.06277437459892
486: 70.47818395790867
487: 69.8817836338223
488: 69.27333481834309
489: 68.65259410760237
490: 68.01931318048318
491: 67.37323869928082
492: 66.7141122083572
493: 66.04167003074824
494: 65.35564316268253
495: 64.65575716596902
496: 63.94173205821082
497: 63.21328220080093
498: 62.470116184655495
499: 61.71193671363842
500: 60.93844048563112
501: 0.0
502: 59.34425378980953
503: 58.522925583543056
504: 57.68500488826109
505: 0.0
506: 55.95803845170404
507: 55.06830185476876
508: 54.16059078112772
509: 53.2345421100394
510: 52.289785384989685
511: 51.32594266549452
512: 50.342628375908546
513: 49.33944915117942
514: 48.31600367948607
515: 47.271882541697906
516: 46.20666804759078
517: 0.0
518: 46.20666804759078
519: 45.11993406875423
520: 44.011245868123
521: 72.74800171425387
522: 72.19745629336023
523: 71.6357887434804
524: 71.06277437459892
525: 70.47818395790867
526: 0.0
527: 69.27333481834309
528: 68.65259410760237
529: 68.01931318048318
530: 67.37323869928082
531: 66.7141122083572
532: 66.04167003074824
533: 0.0
534: 64.65575716596902
535: 63.94173205821082
536: 63.21328220080093
537: 62.470116184655495
538: 61.71193671363842
539: 60.93844048563112
540: 60.14931807119943
541: 59.34425378980953
542: 58.522925583543056
543: 57.68500488826109
544: 56.83015650216535
545: 55.95803845170404
546: 55.06830185476876
547: 54.16059078112772
548: 53.2345421100394
549: 52.289785384989685
550: 51.32594266549452
551: 0.0
552: 49.33944915117942
553: 48.31600367948607
554: 47.271882541697906
555: 46.20666804759078
556: 45.11993406875423
557: 46.20666804759078
558: 45.11993406875423
559: 44.011245868123
560: 42.88015992606488
561: 72.19745629336023
562: 71.6357887434804
563: 71.06277437459892
564: 70.47818395790867
565: 69.8817836338223
566: 69.27333481834309
567: 68.65259410760237
568: 68.01931318048318
569: 67.37323869928082
570: 0.0
571: 66.04167003074824
572: 65.35564316268253
573: 64.65575716596902
574: 63.94173205821082
575: 63.21328220080093
576: 62.470116184655495
577: 61.71193671363842
578: 60.93844048563112
579: 60.14931807119943
580: 59.34425378980953
581: 58.522925583543056
582: 0.0
583: 56.83015650216535
584: 55.95803845170404
585: 55.06830185476876
586: 0.0
587: 53.2345421100394
588: 52.289785384989685
589: 51.32594266549452
590: 50.342628375908546
591: 49.33944915117942
592: 48.31600367948607
593: 47.271882541697906
594: 0.0
595: 45.11993406875423
596: 44.011245868123
597: 45.11993406875423
598: 44.011245868123
599: 0.0
600: 41.72622376295507
601: 71.6357887434804
602: 0.0
603: 70.47818395790867
604: 69.8817836338223
605: 69.27333481834309
606: 68.65259410760237
607: 68.01931318048318
608: 67.37323869928082
609: 66.7141122083572
610: 66.04167003074824
611: 65.35564316268253
612: 64.65575716596902
613: 63.94173205821082
614: 63.21328220080093
615: 62.470116184655495
616: 61.71193671363842
617: 60.93844048563112
618: 60.14931807119943
619: 59.34425378980953
620: 58.522925583543056
621: 57.68500488826109
622: 56.83015650216535
623: 55.95803845170404
624: 0.0
625: 54.16059078112772
626: 53.2345421100394
627: 52.289785384989685
628: 51.32594266549452
629: 50.342628375908546
630: 49.33944915117942
631: 48.31600367948607
632: 47.271882541697906
633: 46.20666804759078
634: 45.11993406875423
635: 44.011245868123
636: 42.88015992606488
637: 44.011245868123
638: 42.88015992606488
639: 41.72622376295507
640: 40.54897575816628
641: 71.06277437459892
642: 70.47818395790867
643: 69.8817836338223
644: 69.27333481834309
645: 0.0
646: 68.01931318048318
647: 67.37323869928082
648: 0.0
649: 66.04167003074824
650: 65.35564316268253
651: 64.65575716596902
652: 63.94173205821082
653: 0.0
654: 62.470116184655495
655: 61.71193671363842
656: 60.93844048563112
657: 60.14931807119943
658: 59.34425378980953
659: 58.522925583543056
660: 57.68500488826109
661: 56.83015650216535
662: 55.95803845170404
663: 55.06830185476876
664: 54.16059078112772
665: 53.2345421100394
666: 52.289785384989685
667: 51.32594266549452
668: 50.342628375908546
669: 0.0
670: 48.31600367948607
671: 47.271882541697906
672: 46.20666804759078
673: 45.11993406875423
674: 44.011245868123
675: 42.88015992606488
676: 41.72622376295507
677: 0.0
678: 41.72622376295507
679: 40.54897575816628
680: 39.34794496540195
681: 70.47818395790867
682: 69.8817836338223
683: 69.27333481834309
684: 68.65259410760237
685: 68.01931318048318
686: 67.37323869928082
687: 66.7141122083572
688: 66.04167003074824
689: 65.35564316268253
690: 64.65575716596902
691: 63.94173205821082
692: 63.21328220080093
693: 62.470116184655495
694: 61.71193671363842
695: 60.93844048563112
696: 60.14931807119943
697: 59.34425378980953
698: 0.0
699: 57.68500488826109
700: 56.83015650216535
701: 0.0
702: 55.06830185476876
703: 0.0
704: 53.2345421100394
705: 0.0
706: 51.32594266549452
707: 50.342628375908546
708: 49.33944915117942
709: 48.31600367948607
710: 47.271882541697906
711: 46.20666804759078
712: 45.11993406875423
713: 44.011245868123
714: 42.88015992606488
715: 0.0
716: 40.54897575816628
717: 41.72622376295507
718: 40.54897575816628
719: 39.34794496540195
720: 38.12265092429895
721: 69.8817836338223
722: 69.27333481834309
723: 68.65259410760237
724: 68.01931318048318
725: 0.0
726: 66.7141122083572
727: 66.04167003074824
728: 65.35564316268253
729: 64.65575716596902
730: 63.94173205821082
731: 63.21328220080093
732: 0.0
733: 61.71193671363842
734: 0.0
735: 60.14931807119943
736: 59.34425378980953
737: 58.522925583543056
738: 57.68500488826109
739: 56.83015650216535
740: 55.95803845170404
741: 55.06830185476876
742: 54.16059078112772
743: 53.2345421100394
744: 52.289785384989685
745: 51.32594266549452
746: 50.342628375908546
747: 49.33944915117942
748: 48.31600367948607
749: 47.271882541697906
750: 46.20666804759078
751: 45.11993406875423
752: 44.011245868123
753: 0.0
754: 41.72622376295507
755: 40.54897575816628
756: 39.34794496540195
757: 40.54897575816628
758: 39.34794496540195
759: 38.12265092429895
760: 36.872603468224185
761: 69.27333481834309
762: 68.65259410760237
763: 0.0
764: 67.37323869928082
765: 66.7141122083572
766: 66.04167003074824
767: 65.35564316268253
768: 64.65575716596902
769: 63.94173205821082
770: 0.0
771: 62.470116184655495
772: 61.71193671363842
773: 60.93844048563112
774: 60.14931807119943
775: 59.34425378980953
776: 58.522925583543056
777: 57.68500488826109
778: 56.83015650216535
779: 55.95803845170404
780: 55.06830185476876
781: 54.16059078112772
782: 53.2345421100394
783: 0.0
784: 51.32594266549452
785: 50.342628375908546
786: 0.0
787: 48.31600367948607
788: 47.271882541697906
789: 0.0
790: 45.11993406875423
791: 44.011245868123
792: 42.88015992606488
793: 41.72622376295507
794: 40.54897575816628
795: 39.34794496540195
796: 38.12265092429895
797: 39.34794496540195
798: 38.12265092429895
799: 0.0
800: 35.59730252818831
801: 68.65259410760237
802: 68.01931318048318
803: 67.37323869928082
804: 66.7141122083572
805: 66.04167003074824
806: 65.35564316268253
807: 0.0
808: 63.94173205821082
809: 63.21328220080093
810: 62.470116184655495
811: 61.71193671363842
812: 60.93844048563112
813: 60.14931807119943
814: 59.34425378980953
815: 58.522925583543056
816: 57.68500488826109
817: 56.83015650216535
818: 0.0
819: 55.06830185476876
820: 0.0
821: 53.2345421100394
822: 52.289785384989685
823: 51.32594266549452
824: 50.342628375908546
825: 49.33944915117942
826: 48.31600367948607
827: 47.271882541697906
828: 46.20666804759078
829: 45.11993406875423
830: 44.011245868123
831: 0.0
832: 41.72622376295507
833: 40.54897575816628
834: 39.34794496540195
835: 0.0
836: 36.872603468224185
837: 0.0
838: 36.872603468224185
839: 35.59730252818831
840: 34.296237932798164
841: 68.01931318048318
842: 0.0
843: 66.7141122083572
844: 66.04167003074824
845: 0.0
846: 64.65575716596902
847: 63.94173205821082
848: 63.21328220080093
849: 62.470116184655495
850: 0.0
851: 60.93844048563112
852: 0.0
853: 59.34425378980953
854: 58.522925583543056
855: 0.0
856: 56.83015650216535
857: 55.95803845170404
858: 55.06830185476876
859: 54.16059078112772
860: 53.2345421100394
861: 52.289785384989685
862: 51.32594266549452
863: 50.342628375908546
864: 49.33944915117942
865: 48.31600367948607
866: 47.271882541697906
867: 46.20666804759078
868: 45.11993406875423
869: 44.011245868123
870: 42.88015992606488
871: 41.72622376295507
872: 40.54897575816628
873: 39.34794496540195
874: 38.12265092429895
875: 36.872603468224185
876: 35.59730252818831
877: 34.296237932798164
878: 35.59730252818831
879: 0.0
880: 32.968889204167816
881: 67.37323869928082
882: 66.7141122083572
883: 66.04167003074824
884: 65.35564316268253
885: 64.65575716596902
886: 63.94173205821082
887: 63.21328220080093
888: 62.470116184655495
889: 61.71193671363842
890: 60.93844048563112
891: 60.14931807119943
892: 59.34425378980953
893: 58.522925583543056
894: 57.68500488826109
895: 56.83015650216535
896: 55.95803845170404
897: 55.06830185476876
898: 54.16059078112772
899: 53.2345421100394
900: 52.289785384989685
901: 51.32594266549452
902: 50.342628375908546
903: 49.33944915117942
904: 0.0
905: 47.271882541697906
906: 46.20666804759078
907: 45.11993406875423
908: 0.0
909: 42.88015992606488
910: 41.72622376295507
911: 40.54897575816628
912: 39.34794496540195
913: 38.12265092429895
914: 36.872603468224185
915: 35.59730252818831
916: 34.296237932798164
917: 32.968889204167816
918: 34.296237932798164
919: 32.968889204167816
920: 31.614725349706557
921: 66.7141122083572
922: 66.04167003074824
923: 65.35564316268253
924: 64.65575716596902
925: 63.94173205821082
926: 63.21328220080093
927: 62.470116184655495
928: 0.0
929: 60.93844048563112
930: 60.14931807119943
931: 59.34425378980953
932: 58.522925583543056
933: 0.0
934: 56.83015650216535
935: 55.95803845170404
936: 55.06830185476876
937: 0.0
938: 53.2345421100394
939: 52.289785384989685
940: 51.32594266549452
941: 50.342628375908546
942: 0.0
943: 48.31600367948607
944: 47.271882541697906
945: 46.20666804759078
946: 45.11993406875423
947: 44.011245868123
948: 42.88015992606488
949: 41.72622376295507
950: 40.54897575816628
951: 39.34794496540195
952: 38.12265092429895
953: 36.872603468224185
954: 35.59730252818831
955: 34.296237932798164
956: 32.968889204167816
957: 31.614725349706557
958: 0.0
959: 31.614725349706557
960: 30.233204649700625
961: 66.04167003074824
962: 0.0
963: 64.65575716596902
964: 63.94173205821082
965: 63.21328220080093
966: 62.470116184655495
967: 61.71193671363842
968: 60.93844048563112
969: 60.14931807119943
970: 59.34425378980953
971: 58.522925583543056
972: 57.68500488826109
973: 56.83015650216535
974: 55.95803845170404
975: 55.06830185476876
976: 54.16059078112772
977: 53.2345421100394
978: 52.289785384989685
979: 51.32594266549452
980: 50.342628375908546
981: 49.33944915117942
982: 48.31600367948607
983: 47.271882541697906
984: 46.20666804759078
985: 45.11993406875423
986: 44.011245868123
987: 42.88015992606488
988: 0.0
989: 40.54897575816628
990: 39.34794496540195
991: 38.12265092429895
992: 0.0
993: 35.59730252818831
994: 34.296237932798164
995: 32.968889204167816
996: 31.614725349706557
997: 30.233204649700625
998: 28.823774440603664
999: 30.233204649700625
1000: 28.823774440603664
1001: 65.35564316268253
1002: 64.65575716596902
1003: 63.94173205821082
1004: 63.21328220080093
1005: 62.470116184655495
1006: 61.71193671363842
1007: 60.93844048563112
1008: 0.0
1009: 59.34425378980953
1010: 58.522925583543056
1011: 57.68500488826109
1012: 56.83015650216535
1013: 55.95803845170404
1014: 55.06830185476876
1015: 54.16059078112772
1016: 53.2345421100394
1017: 52.289785384989685
1018: 0.0
1019: 50.342628375908546
1020: 49.33944915117942
1021: 48.31600367948607
1022: 47.271882541697906
1023: 46.20666804759078
1024: 45.11993406875423
1025: 0.0
1026: 42.88015992606488
1027: 41.72622376295507
1028: 40.54897575816628
1029: 39.34794496540195
1030: 0.0
1031: 36.872603468224185
1032: 35.59730252818831
1033: 34.296237932798164
1034: 0.0
1035: 31.614725349706557
1036: 30.233204649700625
1037: 28.823774440603664
1038: 27.38587089394919
1039: 0.0
1040: 27.38587089394919
1041: 64.65575716596902
1042: 63.94173205821082
1043: 63.21328220080093
1044: 62.470116184655495
1045: 61.71193671363842
1046: 60.93844048563112
1047: 60.14931807119943
1048: 59.34425378980953
1049: 58.522925583543056
1050: 57.68500488826109
1051: 56.83015650216535
1052: 55.95803845170404
1053: 55.06830185476876
1054: 0.0
1055: 53.2345421100394
1056: 52.289785384989685
1057: 51.32594266549452
1058: 50.342628375908546
1059: 49.33944915117942
1060: 48.31600367948607
1061: 47.271882541697906
1062: 0.0
1063: 45.11993406875423
1064: 44.011245868123
1065: 42.88015992606488
1066: 41.72622376295507
1067: 40.54897575816628
1068: 39.34794496540195
1069: 38.12265092429895
1070: 36.872603468224185
1071: 35.59730252818831
1072: 34.296237932798164
1073: 32.968889204167816
1074: 31.614725349706557
1075: 30.233204649700625
1076: 28.823774440603664
1077: 27.38587089394919
1078: 25.918918790796646
1079: 27.38587089394919
1080: 25.918918790796646
1081: 63.94173205821082
1082: 63.21328220080093
1083: 62.470116184655495
1084: 61.71193671363842
1085: 60.93844048563112
1086: 60.14931807119943
1087: 59.34425378980953
1088: 58.522925583543056
1089: 57.68500488826109
1090: 0.0
1091: 55.95803845170404
1092: 55.06830185476876
1093: 54.16059078112772
1094: 53.2345421100394
1095: 52.289785384989685
1096: 51.32594266549452
1097: 50.342628375908546
1098: 49.33944915117942
1099: 0.0
1100: 47.271882541697906
1101: 46.20666804759078
1102: 45.11993406875423
1103: 44.011245868123
1104: 42.88015992606488
1105: 41.72622376295507
1106: 40.54897575816628
1107: 39.34794496540195
1108: 38.12265092429895
1109: 36.872603468224185
1110: 35.59730252818831
1111: 34.296237932798164
1112: 0.0
1113: 31.614725349706557
1114: 30.233204649700625
1115: 28.823774440603664
1116: 27.38587089394919
1117: 25.918918790796646
1118: 24.42233129162082
1119: 25.918918790796646
1120: 24.42233129162082
1121: 63.21328220080093
1122: 62.470116184655495
1123: 0.0
1124: 60.93844048563112
1125: 60.14931807119943
1126: 59.34425378980953
1127: 58.522925583543056
1128: 57.68500488826109
1129: 56.83015650216535
1130: 55.95803845170404
1131: 55.06830185476876
1132: 0.0
1133: 53.2345421100394
1134: 52.289785384989685
1135: 51.32594266549452
1136: 50.342628375908546
1137: 49.33944915117942
1138: 48.31600367948607
1139: 47.271882541697906
1140: 46.20666804759078
1141: 45.11993406875423
1142: 44.011245868123
1143: 42.88015992606488
1144: 41.72622376295507
1145: 0.0
1146: 39.34794496540195
1147: 38.12265092429895
1148: 36.872603468224185
1149: 35.59730252818831
1150: 0.0
1151: 32.968889204167816
1152: 31.614725349706557
1153: 30.233204649700625
1154: 28.823774440603664
1155: 27.38587089394919
1156: 25.918918790796646
1157: 24.42233129162082
1158: 22.895509701552555
1159: 24.42233129162082
1160: 22.895509701552555
1161: 62.470116184655495
1162: 61.71193671363842
1163: 60.93844048563112
1164: 60.14931807119943
1165: 59.34425378980953
1166: 58.522925583543056
1167: 0.0
1168: 56.83015650216535
1169: 55.95803845170404
1170: 55.06830185476876
1171: 54.16059078112772
1172: 53.2345421100394
1173: 52.289785384989685
1174: 51.32594266549452
1175: 0.0
1176: 49.33944915117942
1177: 48.31600367948607
1178: 47.271882541697906
1179: 46.20666804759078
1180: 45.11993406875423
1181: 0.0
1182: 42.88015992606488
1183: 41.72622376295507
1184: 40.54897575816628
1185: 39.34794496540195
1186: 38.12265092429895
1187: 36.872603468224185
1188: 0.0
1189: 34.296237932798164
1190: 32.968889204167816
1191: 31.614725349706557
1192: 30.233204649700625
1193: 0.0
1194: 27.38587089394919
1195: 25.918918790796646
1196: 24.42233129162082
1197: 0.0
1198: 21.33784323087685
1199: 22.895509701552555
1200: 21.33784323087685
1201: 61.71193671363842
1202: 0.0
1203: 60.14931807119943
1204: 59.34425378980953
1205: 58.522925583543056
1206: 57.68500488826109
1207: 56.83015650216535
1208: 55.95803845170404
1209: 55.06830185476876
1210: 54.16059078112772
1211: 53.2345421100394
1212: 52.289785384989685
1213: 51.32594266549452
1214: 50.342628375908546
1215: 49.33944915117942
1216: 48.31600367948607
1217: 47.271882541697906
1218: 46.20666804759078
1219: 0.0
1220: 44.011245868123
1221: 42.88015992606488
1222: 41.72622376295507
1223: 40.54897575816628
1224: 39.34794496540195
1225: 38.12265092429895
1226: 0.0
1227: 35.59730252818831
1228: 34.296237932798164
1229: 32.968889204167816
1230: 31.614725349706557
1231: 30.233204649700625
1232: 28.823774440603664
1233: 27.38587089394919
1234: 25.918918790796646
1235: 24.42233129162082
1236: 22.895509701552555
1237: 21.33784323087685
1238: 19.748708750692543
1239: 0.0
1240: 19.748708750692543
1241: 60.93844048563112
1242: 60.14931807119943
1243: 59.34425378980953
1244: 58.522925583543056
1245: 0.0
1246: 56.83015650216535
1247: 0.0
1248: 55.06830185476876
1249: 54.16059078112772
1250: 53.2345421100394
1251: 52.289785384989685
1252: 51.32594266549452
1253: 50.342628375908546
1254: 49.33944915117942
1255: 48.31600367948607
1256: 47.271882541697906
1257: 46.20666804759078
1258: 45.11993406875423
1259: 44.011245868123
1260: 42.88015992606488
1261: 41.72622376295507
1262: 40.54897575816628
1263: 39.34794496540195
1264: 38.12265092429895
1265: 36.872603468224185
1266: 35.59730252818831
1267: 34.296237932798164
1268: 32.968889204167816
1269: 31.614725349706557
1270: 30.233204649700625
1271: 0.0
1272: 27.38587089394919
1273: 25.918918790796646
1274: 24.42233129162082
1275: 22.895509701552555
1276: 0.0
1277: 19.748708750692543
1278: 18.127470543635823
1279: 16.47348004956786
1280: 18.127470543635823
1281: 60.14931807119943
1282: 0.0
1283: 58.522925583543056
1284: 57.68500488826109
1285: 56.83015650216535
1286: 55.95803845170404
1287: 55.06830185476876
1288: 54.16059078112772
1289: 53.2345421100394
1290: 52.289785384989685
1291: 51.32594266549452
1292: 0.0
1293: 49.33944915117942
1294: 48.31600367948607
1295: 47.271882541697906
1296: 46.20666804759078
1297: 45.11993406875423
1298: 44.011245868123
1299: 42.88015992606488
1300: 41.72622376295507
1301: 40.54897575816628
1302: 39.34794496540195
1303: 38.12265092429895
1304: 0.0
1305: 35.59730252818831
1306: 34.296237932798164
1307: 32.968889204167816
1308: 31.614725349706557
1309: 30.233204649700625
1310: 28.823774440603664
1311: 27.38587089394919
1312: 25.918918790796646
1313: 24.42233129162082
1314: 22.895509701552555
1315: 21.33784323087685
1316: 19.748708750692543
1317: 18.127470543635823
1318: 0.0
1319: 14.786075606124786
1320: 16.47348004956786
1321: 59.34425378980953
1322: 58.522925583543056
1323: 57.68500488826109
1324: 0.0
1325: 55.95803845170404
1326: 0.0
1327: 54.16059078112772
1328: 53.2345421100394
1329: 0.0
1330: 51.32594266549452
1331: 50.342628375908546
1332: 49.33944915117942
1333: 48.31600367948607
1334: 47.271882541697906
1335: 46.20666804759078
1336: 45.11993406875423
1337: 44.011245868123
1338: 42.88015992606488
1339: 41.72622376295507
1340: 40.54897575816628
1341: 39.34794496540195
1342: 38.12265092429895
1343: 36.872603468224185
1344: 35.59730252818831
1345: 34.296237932798164
1346: 32.968889204167816
1347: 31.614725349706557
1348: 30.233204649700625
1349: 28.823774440603664
1350: 27.38587089394919
1351: 25.918918790796646
1352: 24.42233129162082
1353: 22.895509701552555
1354: 21.33784323087685
1355: 19.748708750692543
1356: 18.127470543635823
1357: 16.47348004956786
1358: 14.786075606124786
1359: 13.064582184026296
1360: 14.786075606124786
1361: 58.522925583543056
1362: 57.68500488826109
1363: 56.83015650216535
1364: 55.95803845170404
1365: 55.06830185476876
1366: 54.16059078112772
1367: 53.2345421100394
1368: 52.289785384989685
1369: 51.32594266549452
1370: 50.342628375908546
1371: 49.33944915117942
1372: 48.31600367948607
1373: 47.271882541697906
1374: 46.20666804759078
1375: 45.11993406875423
1376: 44.011245868123
1377: 42.88015992606488
1378: 41.72622376295507
1379: 40.54897575816628
1380: 39.34794496540195
1381: 38.12265092429895
1382: 0.0
1383: 35.59730252818831
1384: 34.296237932798164
1385: 32.968889204167816
1386: 31.614725349706557
1387: 30.233204649700625
1388: 28.823774440603664
1389: 27.38587089394919
1390: 25.918918790796646
1391: 0.0
1392: 22.895509701552555
1393: 21.33784323087685
1394: 19.748708750692543
1395: 18.127470543635823
1396: 16.47348004956786
1397: 14.786075606124786
1398: 13.064582184026296
1399: 11.308311117036926
1400: 0.0
1401: 59.34425378980953
1402: 58.522925583543056
1403: 0.0
1404: 55.06830185476876
1405: 54.16059078112772
1406: 53.2345421100394
1407: 52.289785384989685
1408: 51.32594266549452
1409: 0.0
1410: 49.33944915117942
1411: 48.31600367948607
1412: 47.271882541697906
1413: 46.20666804759078
1414: 45.11993406875423
1415: 44.011245868123
1416: 42.88015992606488
1417: 0.0
1418: 40.54897575816628
1419: 39.34794496540195
1420: 38.12265092429895
1421: 36.872603468224185
1422: 35.59730252818831
1423: 34.296237932798164
1424: 32.968889204167816
1425: 0.0
1426: 30.233204649700625
1427: 0.0
1428: 27.38587089394919
1429: 25.918918790796646
1430: 24.42233129162082
1431: 22.895509701552555
1432: 21.33784323087685
1433: 0.0
1434: 18.127470543635823
1435: 0.0
1436: 14.786075606124786
1437: 13.064582184026296
1438: 0.0
1439: 9.516559826472015
1440: 7.688611540138117
1441: 58.522925583543056
1442: 57.68500488826109
1443: 56.83015650216535
1444: 55.95803845170404
1445: 0.0
1446: 52.289785384989685
1447: 51.32594266549452
1448: 50.342628375908546
1449: 49.33944915117942
1450: 48.31600367948607
1451: 47.271882541697906
1452: 46.20666804759078
1453: 45.11993406875423
1454: 44.011245868123
1455: 42.88015992606488
1456: 41.72622376295507
1457: 40.54897575816628
1458: 39.34794496540195
1459: 0.0
1460: 36.872603468224185
1461: 35.59730252818831
1462: 34.296237932798164
1463: 32.968889204167816
1464: 31.614725349706557
1465: 30.233204649700625
1466: 28.823774440603664
1467: 27.38587089394919
1468: 25.918918790796646
1469: 24.42233129162082
1470: 22.895509701552555
1471: 21.33784323087685
1472: 19.748708750692543
1473: 18.127470543635823
1474: 16.47348004956786
1475: 14.786075606124786
1476: 13.064582184026296
1477: 11.308311117036926
1478: 9.516559826472015
1479: 7.688611540138117
1480: 5.823735005595452
1481: 57.68500488826109
1482: 56.83015650216535
1483: 0.0
1484: 55.06830185476876
1485: 54.16059078112772
1486: 53.2345421100394
1487: 0.0
1488: 51.32594266549452
1489: 50.342628375908546
1490: 49.33944915117942
1491: 48.31600367948607
1492: 0.0
1493: 44.011245868123
1494: 42.88015992606488
1495: 41.72622376295507
1496: 40.54897575816628
1497: 39.34794496540195
1498: 38.12265092429895
1499: 36.872603468224185
1500: 35.59730252818831
1501: 34.296237932798164
1502: 32.968889204167816
1503: 31.614725349706557
1504: 30.233204649700625
1505: 28.823774440603664
1506: 27.38587089394919
1507: 25.918918790796646
1508: 24.42233129162082
1509: 22.895509701552555
1510: 21.33784323087685
1511: 0.0
1512: 18.127470543635823
1513: 16.47348004956786
1514: 14.786075606124786
1515: 13.064582184026296
1516: 11.308311117036926
1517: 9.516559826472015
1518: 7.688611540138117
1519: 5.823735005595452
1520: 3.9211841976276833
1521: 56.83015650216535
1522: 55.95803845170404
1523: 55.06830185476876
1524: 54.16059078112772
1525: 53.2345421100394
1526: 52.289785384989685
1527: 51.32594266549452
1528: 50.342628375908546
1529: 49.33944915117942
1530: 0.0
1531: 47.271882541697906
1532: 46.20666804759078
1533: 45.11993406875423
1534: 0.0
1535: 40.54897575816628
1536: 39.34794496540195
1537: 38.12265092429895
1538: 36.872603468224185
1539: 35.59730252818831
1540: 34.296237932798164
1541: 32.968889204167816
1542: 31.614725349706557
1543: 30.233204649700625
1544: 28.823774440603664
1545: 27.38587089394919
1546: 25.918918790796646
1547: 24.42233129162082
1548: 22.895509701552555
1549: 0.0
1550: 19.748708750692543
1551: 18.127470543635823
1552: 16.47348004956786
1553: 14.786075606124786
1554: 13.064582184026296
1555: 11.308311117036926
1556: 0.0
1557: 7.688611540138117
1558: 5.823735005595452
1559: 3.9211841976276833
1560: 1.9801980198019802
1561: 57.68500488826109
1562: 0.0
1563: 55.95803845170404
1564: 55.06830185476876
1565: 54.16059078112772
1566: 0.0
1567: 50.342628375908546
1568: 49.33944915117942
1569: 48.31600367948607
1570: 47.271882541697906
1571: 46.20666804759078
1572: 45.11993406875423
1573: 44.011245868123
1574: 42.88015992606488
1575: 41.72622376295507
1576: 40.54897575816628
1577: 39.34794496540195
1578: 38.12265092429895
1579: 0.0
1580: 32.968889204167816
1581: 31.614725349706557
1582: 30.233204649700625
1583: 28.823774440603664
1584: 27.38587089394919
1585: 25.918918790796646
1586: 24.42233129162082
1587: 22.895509701552555
1588: 21.33784323087685
1589: 19.748708750692543
1590: 18.127470543635823
1591: 16.47348004956786
1592: 14.786075606124786
1593: 13.064582184026296
1594: 11.308311117036926
1595: 9.516559826472015
1596: 7.688611540138117
1597: 5.823735005595452
1598: 3.9211841976276833
1599: 1.9801980198019802
1600: 0.0

******************** Tempo 2 - DeterministicGoalState - It_value *********************
296082 milissegundos
313 iteracoes
Inicio dos resultados


******************** PROBLEMA 2 - DeterministicGoalState - It_value *********************
Inicio dos resultados


******************** PROBLEMA 2 - DeterministicGoalState - It_value *********************

******************** Politica 2 - DeterministicGoalState - It_value *********************
(1, 1)
(2, 1)
(4, 1)
(5, 1)
(6, 1)
(7, 1)
(8, 1)
(9, 1)
(10, 1)
(11, 1)
(12, 1)
(13, 1)
(14, 1)
(16, 1)
(17, 1)
(19, 1)
(20, 3)
(21, 1)
(22, 1)
(23, 3)
(24, 1)
(25, 1)
(26, 1)
(27, 1)
(28, 1)
(29, 1)
(30, 1)
(31, 1)
(32, 1)
(33, 1)
(34, 1)
(35, 1)
(36, 1)
(37, 1)
(38, 1)
(39, 1)
(40, 1)
(41, 1)
(42, 1)
(43, 3)
(44, 1)
(45, 3)
(46, 1)
(47, 1)
(48, 3)
(49, 1)
(50, 1)
(51, 1)
(52, 1)
(53, 1)
(54, 1)
(55, 1)
(56, 1)
(57, 1)
(58, 1)
(59, 1)
(61, 1)
(62, 1)
(64, 1)
(65, 1)
(66, 1)
(67, 1)
(68, 1)
(69, 1)
(70, 1)
(71, 1)
(72, 1)
(73, 1)
(74, 1)
(75, 2)
(76, 1)
(77, 3)
(78, 1)
(79, 1)
(80, 1)
(81, 1)
(82, 1)
(84, 1)
(86, 1)
(87, 1)
(89, 1)
(90, 1)
(91, 3)
(92, 1)
(93, 3)
(94, 1)
(95, 1)
(96, 1)
(97, 1)
(98, 1)
(99, 1)
(100, 1)
(101, 1)
(102, 1)
(103, 1)
(104, 1)
(105, 3)
(106, 1)
(107, 1)
(108, 1)
(109, 1)
(110, 1)
(111, 1)
(112, 1)
(113, 3)
(114, 1)
(116, 1)
(118, 1)
(119, 1)
(120, 1)
(121, 1)
(122, 1)
(123, 1)
(124, 1)
(125, 1)
(126, 1)
(127, 1)
(128, 1)
(129, 1)
(130, 1)
(132, 1)
(134, 1)
(135, 1)
(136, 1)
(137, 1)
(138, 3)
(139, 1)
(140, 1)
(141, 1)
(142, 3)
(143, 1)
(144, 1)
(146, 1)
(147, 3)
(148, 1)
(149, 1)
(150, 1)
(151, 3)
(152, 1)
(154, 1)
(155, 1)
(156, 1)
(157, 1)
(158, 1)
(159, 3)
(160, 1)
(161, 1)
(162, 1)
(163, 1)
(164, 1)
(165, 1)
(166, 1)
(167, 1)
(168, 1)
(169, 3)
(170, 1)
(171, 1)
(172, 1)
(173, 3)
(174, 1)
(175, 1)
(176, 1)
(177, 1)
(179, 1)
(180, 1)
(181, 1)
(183, 1)
(184, 3)
(185, 1)
(186, 1)
(188, 1)
(189, 3)
(190, 1)
(192, 1)
(193, 1)
(194, 1)
(195, 2)
(196, 1)
(197, 1)
(198, 1)
(200, 1)
(201, 1)
(202, 1)
(203, 1)
(204, 1)
(205, 1)
(206, 1)
(207, 1)
(208, 1)
(210, 1)
(211, 1)
(212, 1)
(214, 1)
(215, 1)
(216, 1)
(217, 3)
(218, 1)
(219, 1)
(220, 1)
(221, 1)
(222, 1)
(223, 1)
(225, 1)
(226, 1)
(227, 1)
(228, 1)
(230, 1)
(231, 1)
(232, 3)
(233, 1)
(234, 1)
(236, 1)
(237, 1)
(238, 1)
(239, 1)
(240, 1)
(241, 1)
(242, 3)
(243, 1)
(244, 1)
(245, 1)
(246, 1)
(247, 1)
(248, 3)
(249, 1)
(250, 1)
(251, 1)
(252, 1)
(253, 1)
(254, 1)
(255, 3)
(256, 1)
(258, 1)
(259, 1)
(260, 1)
(261, 1)
(262, 1)
(263, 1)
(264, 3)
(265, 1)
(266, 1)
(267, 1)
(268, 1)
(269, 1)
(270, 1)
(271, 1)
(273, 1)
(274, 1)
(275, 1)
(276, 1)
(277, 3)
(278, 1)
(279, 1)
(280, 1)
(281, 1)
(283, 1)
(284, 1)
(285, 3)
(286, 1)
(287, 1)
(289, 1)
(290, 3)
(291, 1)
(292, 1)
(293, 1)
(294, 1)
(296, 1)
(297, 1)
(298, 1)
(299, 1)
(300, 1)
(301, 1)
(302, 1)
(303, 1)
(305, 1)
(306, 1)
(307, 1)
(308, 3)
(309, 1)
(310, 1)
(311, 1)
(312, 1)
(313, 3)
(314, 1)
(315, 1)
(316, 1)
(318, 1)
(319, 1)
(320, 1)
(321, 1)
(322, 1)
(323, 1)
(324, 1)
(326, 1)
(327, 1)
(328, 1)
(329, 1)
(331, 1)
(332, 1)
(333, 1)
(334, 1)
(335, 1)
(336, 1)
(337, 1)
(338, 1)
(339, 1)
(340, 1)
(341, 1)
(342, 1)
(343, 1)
(344, 1)
(345, 1)
(346, 1)
(347, 1)
(349, 1)
(350, 1)
(351, 3)
(352, 1)
(354, 1)
(355, 1)
(356, 1)
(357, 1)
(358, 1)
(359, 1)
(360, 1)
(361, 1)
(362, 3)
(363, 1)
(364, 1)
(365, 1)
(366, 1)
(367, 1)
(368, 1)
(369, 1)
(370, 1)
(371, 1)
(372, 1)
(373, 1)
(374, 1)
(375, 1)
(376, 1)
(377, 1)
(378, 1)
(379, 1)
(380, 1)
(381, 1)
(382, 3)
(383, 1)
(384, 1)
(385, 1)
(386, 1)
(387, 1)
(388, 1)
(389, 1)
(390, 1)
(392, 1)
(393, 1)
(394, 3)
(395, 1)
(396, 2)
(397, 1)
(398, 1)
(399, 3)
(400, 1)
(401, 1)
(403, 1)
(404, 1)
(405, 1)
(406, 1)
(407, 1)
(408, 1)
(409, 1)
(410, 1)
(411, 3)
(412, 1)
(413, 1)
(414, 1)
(415, 1)
(416, 3)
(417, 1)
(418, 1)
(419, 1)
(420, 1)
(421, 1)
(423, 1)
(424, 1)
(425, 1)
(426, 1)
(427, 1)
(428, 3)
(429, 1)
(430, 1)
(431, 1)
(432, 1)
(433, 1)
(435, 1)
(437, 1)
(438, 1)
(440, 1)
(441, 3)
(442, 1)
(443, 1)
(444, 1)
(445, 1)
(446, 1)
(447, 1)
(448, 1)
(449, 1)
(450, 1)
(452, 1)
(453, 1)
(454, 1)
(455, 1)
(457, 1)
(458, 1)
(459, 1)
(460, 1)
(461, 3)
(462, 1)
(463, 1)
(464, 1)
(465, 3)
(466, 1)
(467, 1)
(469, 1)
(470, 1)
(471, 1)
(472, 1)
(473, 1)
(474, 1)
(475, 1)
(476, 1)
(477, 2)
(478, 1)
(479, 1)
(480, 1)
(482, 1)
(483, 1)
(484, 1)
(485, 1)
(486, 3)
(487, 1)
(488, 1)
(489, 1)
(490, 1)
(491, 1)
(492, 1)
(493, 3)
(494, 1)
(495, 1)
(496, 1)
(497, 1)
(498, 1)
(499, 1)
(500, 1)
(502, 1)
(503, 1)
(504, 1)
(506, 1)
(507, 1)
(508, 1)
(509, 1)
(510, 1)
(511, 3)
(512, 1)
(513, 1)
(514, 1)
(515, 1)
(516, 1)
(518, 1)
(519, 1)
(520, 1)
(521, 1)
(522, 1)
(523, 1)
(524, 1)
(525, 1)
(527, 1)
(528, 1)
(529, 1)
(530, 3)
(531, 1)
(532, 1)
(534, 1)
(535, 1)
(536, 1)
(537, 1)
(538, 1)
(539, 1)
(540, 1)
(541, 1)
(542, 3)
(543, 1)
(544, 1)
(545, 1)
(546, 3)
(547, 1)
(548, 1)
(549, 1)
(550, 1)
(552, 1)
(553, 1)
(554, 3)
(555, 1)
(556, 1)
(557, 1)
(558, 1)
(559, 3)
(560, 1)
(561, 1)
(562, 3)
(563, 1)
(564, 1)
(565, 1)
(566, 1)
(567, 1)
(568, 1)
(569, 1)
(571, 1)
(572, 1)
(573, 1)
(574, 1)
(575, 1)
(576, 1)
(577, 1)
(578, 1)
(579, 1)
(580, 1)
(581, 1)
(583, 1)
(584, 3)
(585, 1)
(587, 1)
(588, 1)
(589, 1)
(590, 1)
(591, 1)
(592, 1)
(593, 1)
(595, 1)
(596, 1)
(597, 1)
(598, 1)
(600, 1)
(601, 1)
(603, 1)
(604, 1)
(605, 3)
(606, 1)
(607, 1)
(608, 3)
(609, 1)
(610, 1)
(611, 1)
(612, 1)
(613, 3)
(614, 1)
(615, 1)
(616, 1)
(617, 1)
(618, 1)
(619, 1)
(620, 1)
(621, 1)
(622, 1)
(623, 1)
(625, 1)
(626, 1)
(627, 1)
(628, 1)
(629, 3)
(630, 1)
(631, 1)
(632, 1)
(633, 1)
(634, 1)
(635, 1)
(636, 1)
(637, 2)
(638, 1)
(639, 1)
(640, 1)
(641, 1)
(642, 1)
(643, 1)
(644, 1)
(646, 1)
(647, 1)
(649, 1)
(650, 1)
(651, 1)
(652, 1)
(654, 1)
(655, 1)
(656, 1)
(657, 1)
(658, 3)
(659, 1)
(660, 1)
(661, 3)
(662, 1)
(663, 3)
(664, 1)
(665, 3)
(666, 1)
(667, 1)
(668, 1)
(670, 1)
(671, 1)
(672, 1)
(673, 1)
(674, 1)
(675, 3)
(676, 1)
(678, 1)
(679, 1)
(680, 1)
(681, 1)
(682, 1)
(683, 1)
(684, 1)
(685, 3)
(686, 1)
(687, 1)
(688, 1)
(689, 1)
(690, 1)
(691, 1)
(692, 3)
(693, 1)
(694, 3)
(695, 1)
(696, 1)
(697, 1)
(699, 1)
(700, 1)
(702, 1)
(704, 1)
(706, 1)
(707, 1)
(708, 1)
(709, 1)
(710, 1)
(711, 1)
(712, 1)
(713, 3)
(714, 1)
(716, 1)
(717, 1)
(718, 1)
(719, 1)
(720, 1)
(721, 1)
(722, 1)
(723, 3)
(724, 1)
(726, 1)
(727, 1)
(728, 1)
(729, 1)
(730, 3)
(731, 1)
(733, 1)
(735, 1)
(736, 1)
(737, 1)
(738, 1)
(739, 1)
(740, 1)
(741, 1)
(742, 1)
(743, 3)
(744, 1)
(745, 1)
(746, 3)
(747, 1)
(748, 1)
(749, 3)
(750, 1)
(751, 1)
(752, 1)
(754, 1)
(755, 1)
(756, 1)
(757, 1)
(758, 1)
(759, 3)
(760, 1)
(761, 1)
(762, 1)
(764, 1)
(765, 1)
(766, 1)
(767, 3)
(768, 1)
(769, 1)
(771, 1)
(772, 1)
(773, 1)
(774, 1)
(775, 1)
(776, 1)
(777, 1)
(778, 3)
(779, 1)
(780, 3)
(781, 1)
(782, 1)
(784, 1)
(785, 1)
(787, 1)
(788, 1)
(790, 1)
(791, 3)
(792, 1)
(793, 1)
(794, 1)
(795, 3)
(796, 1)
(797, 2)
(798, 1)
(800, 1)
(801, 1)
(802, 3)
(803, 1)
(804, 1)
(805, 3)
(806, 1)
(808, 1)
(809, 1)
(810, 3)
(811, 1)
(812, 3)
(813, 1)
(814, 1)
(815, 3)
(816, 1)
(817, 1)
(819, 1)
(821, 1)
(822, 1)
(823, 1)
(824, 1)
(825, 1)
(826, 1)
(827, 1)
(828, 1)
(829, 1)
(830, 1)
(832, 1)
(833, 1)
(834, 1)
(836, 1)
(838, 1)
(839, 3)
(840, 1)
(841, 1)
(843, 1)
(844, 1)
(846, 1)
(847, 1)
(848, 1)
(849, 1)
(851, 1)
(853, 1)
(854, 1)
(856, 1)
(857, 1)
(858, 1)
(859, 1)
(860, 1)
(861, 1)
(862, 1)
(863, 1)
(864, 3)
(865, 1)
(866, 1)
(867, 1)
(868, 3)
(869, 1)
(870, 1)
(871, 1)
(872, 1)
(873, 1)
(874, 1)
(875, 1)
(876, 1)
(877, 1)
(878, 1)
(880, 1)
(881, 1)
(882, 1)
(883, 1)
(884, 1)
(885, 1)
(886, 1)
(887, 1)
(888, 3)
(889, 1)
(890, 1)
(891, 1)
(892, 1)
(893, 3)
(894, 1)
(895, 1)
(896, 1)
(897, 3)
(898, 1)
(899, 1)
(900, 1)
(901, 1)
(902, 3)
(903, 1)
(905, 1)
(906, 1)
(907, 1)
(909, 1)
(910, 1)
(911, 1)
(912, 1)
(913, 1)
(914, 1)
(915, 1)
(916, 1)
(917, 1)
(918, 2)
(919, 1)
(920, 1)
(921, 1)
(922, 3)
(923, 1)
(924, 1)
(925, 1)
(926, 1)
(927, 1)
(929, 1)
(930, 1)
(931, 1)
(932, 1)
(934, 1)
(935, 1)
(936, 1)
(938, 1)
(939, 1)
(940, 1)
(941, 1)
(943, 1)
(944, 1)
(945, 1)
(946, 1)
(947, 1)
(948, 3)
(949, 1)
(950, 1)
(951, 1)
(952, 3)
(953, 1)
(954, 1)
(955, 1)
(956, 1)
(957, 1)
(959, 1)
(960, 1)
(961, 1)
(963, 1)
(964, 1)
(965, 1)
(966, 1)
(967, 1)
(968, 3)
(969, 1)
(970, 1)
(971, 1)
(972, 1)
(973, 1)
(974, 1)
(975, 1)
(976, 1)
(977, 1)
(978, 3)
(979, 1)
(980, 1)
(981, 1)
(982, 1)
(983, 1)
(984, 1)
(985, 3)
(986, 1)
(987, 1)
(989, 1)
(990, 3)
(991, 1)
(993, 1)
(994, 3)
(995, 1)
(996, 1)
(997, 1)
(998, 1)
(999, 2)
(1000, 1)
(1001, 1)
(1002, 1)
(1003, 1)
(1004, 1)
(1005, 1)
(1006, 1)
(1007, 1)
(1009, 1)
(1010, 1)
(1011, 1)
(1012, 1)
(1013, 1)
(1014, 3)
(1015, 1)
(1016, 1)
(1017, 1)
(1019, 1)
(1020, 1)
(1021, 1)
(1022, 3)
(1023, 1)
(1024, 1)
(1026, 1)
(1027, 1)
(1028, 1)
(1029, 1)
(1031, 1)
(1032, 1)
(1033, 1)
(1035, 1)
(1036, 1)
(1037, 1)
(1038, 1)
(1040, 1)
(1041, 1)
(1042, 1)
(1043, 1)
(1044, 1)
(1045, 1)
(1046, 1)
(1047, 1)
(1048, 1)
(1049, 1)
(1050, 3)
(1051, 1)
(1052, 1)
(1053, 1)
(1055, 1)
(1056, 1)
(1057, 1)
(1058, 1)
(1059, 3)
(1060, 1)
(1061, 1)
(1063, 1)
(1064, 1)
(1065, 1)
(1066, 1)
(1067, 1)
(1068, 1)
(1069, 1)
(1070, 1)
(1071, 1)
(1072, 3)
(1073, 1)
(1074, 1)
(1075, 1)
(1076, 1)
(1077, 1)
(1078, 1)
(1079, 1)
(1080, 1)
(1081, 1)
(1082, 1)
(1083, 3)
(1084, 1)
(1085, 1)
(1086, 1)
(1087, 1)
(1088, 1)
(1089, 1)
(1091, 1)
(1092, 3)
(1093, 1)
(1094, 1)
(1095, 1)
(1096, 1)
(1097, 1)
(1098, 1)
(1100, 1)
(1101, 1)
(1102, 1)
(1103, 1)
(1104, 1)
(1105, 3)
(1106, 1)
(1107, 1)
(1108, 1)
(1109, 1)
(1110, 3)
(1111, 1)
(1113, 1)
(1114, 1)
(1115, 1)
(1116, 1)
(1117, 1)
(1118, 1)
(1119, 1)
(1120, 1)
(1121, 1)
(1122, 1)
(1124, 1)
(1125, 1)
(1126, 1)
(1127, 3)
(1128, 1)
(1129, 1)
(1130, 1)
(1131, 1)
(1133, 1)
(1134, 1)
(1135, 3)
(1136, 1)
(1137, 1)
(1138, 1)
(1139, 1)
(1140, 1)
(1141, 3)
(1142, 1)
(1143, 1)
(1144, 1)
(1146, 1)
(1147, 1)
(1148, 3)
(1149, 1)
(1151, 1)
(1152, 1)
(1153, 3)
(1154, 1)
(1155, 1)
(1156, 1)
(1157, 3)
(1158, 1)
(1159, 1)
(1160, 1)
(1161, 1)
(1162, 3)
(1163, 1)
(1164, 1)
(1165, 1)
(1166, 1)
(1168, 1)
(1169, 1)
(1170, 1)
(1171, 1)
(1172, 1)
(1173, 1)
(1174, 1)
(1176, 1)
(1177, 1)
(1178, 1)
(1179, 3)
(1180, 1)
(1182, 1)
(1183, 1)
(1184, 1)
(1185, 1)
(1186, 3)
(1187, 1)
(1189, 1)
(1190, 1)
(1191, 1)
(1192, 1)
(1194, 1)
(1195, 1)
(1196, 1)
(1198, 1)
(1199, 2)
(1200, 1)
(1201, 1)
(1203, 1)
(1204, 1)
(1205, 3)
(1206, 1)
(1207, 3)
(1208, 1)
(1209, 1)
(1210, 1)
(1211, 1)
(1212, 1)
(1213, 1)
(1214, 1)
(1215, 1)
(1216, 1)
(1217, 1)
(1218, 1)
(1220, 1)
(1221, 1)
(1222, 1)
(1223, 1)
(1224, 1)
(1225, 1)
(1227, 1)
(1228, 1)
(1229, 1)
(1230, 1)
(1231, 3)
(1232, 1)
(1233, 1)
(1234, 1)
(1235, 1)
(1236, 3)
(1237, 1)
(1238, 1)
(1240, 1)
(1241, 1)
(1242, 3)
(1243, 1)
(1244, 1)
(1246, 1)
(1248, 1)
(1249, 1)
(1250, 1)
(1251, 1)
(1252, 3)
(1253, 1)
(1254, 1)
(1255, 1)
(1256, 1)
(1257, 1)
(1258, 1)
(1259, 1)
(1260, 1)
(1261, 1)
(1262, 1)
(1263, 1)
(1264, 3)
(1265, 1)
(1266, 1)
(1267, 1)
(1268, 1)
(1269, 1)
(1270, 1)
(1272, 1)
(1273, 1)
(1274, 1)
(1275, 1)
(1277, 1)
(1278, 3)
(1279, 1)
(1280, 1)
(1281, 1)
(1283, 1)
(1284, 3)
(1285, 1)
(1286, 3)
(1287, 1)
(1288, 1)
(1289, 3)
(1290, 1)
(1291, 1)
(1293, 1)
(1294, 1)
(1295, 1)
(1296, 1)
(1297, 1)
(1298, 1)
(1299, 1)
(1300, 1)
(1301, 1)
(1302, 1)
(1303, 1)
(1305, 1)
(1306, 1)
(1307, 1)
(1308, 1)
(1309, 1)
(1310, 1)
(1311, 1)
(1312, 1)
(1313, 1)
(1314, 1)
(1315, 1)
(1316, 1)
(1317, 1)
(1319, 1)
(1320, 1)
(1321, 1)
(1322, 1)
(1323, 1)
(1325, 1)
(1327, 1)
(1328, 1)
(1330, 1)
(1331, 1)
(1332, 1)
(1333, 1)
(1334, 1)
(1335, 1)
(1336, 1)
(1337, 1)
(1338, 1)
(1339, 1)
(1340, 1)
(1341, 1)
(1342, 3)
(1343, 1)
(1344, 1)
(1345, 1)
(1346, 1)
(1347, 1)
(1348, 1)
(1349, 1)
(1350, 1)
(1351, 3)
(1352, 1)
(1353, 1)
(1354, 1)
(1355, 1)
(1356, 1)
(1357, 1)
(1358, 1)
(1359, 1)
(1360, 2)
(1361, 3)
(1362, 3)
(1363, 3)
(1364, 1)
(1365, 1)
(1366, 1)
(1367, 1)
(1368, 1)
(1369, 3)
(1370, 1)
(1371, 1)
(1372, 1)
(1373, 1)
(1374, 1)
(1375, 1)
(1376, 1)
(1377, 3)
(1378, 1)
(1379, 1)
(1380, 1)
(1381, 1)
(1383, 1)
(1384, 1)
(1385, 3)
(1386, 1)
(1387, 3)
(1388, 1)
(1389, 1)
(1390, 1)
(1392, 1)
(1393, 3)
(1394, 1)
(1395, 3)
(1396, 1)
(1397, 1)
(1398, 3)
(1399, 1)
(1401, 0)
(1402, 0)
(1404, 3)
(1405, 3)
(1406, 1)
(1407, 1)
(1408, 1)
(1410, 1)
(1411, 1)
(1412, 1)
(1413, 1)
(1414, 1)
(1415, 1)
(1416, 1)
(1418, 1)
(1419, 3)
(1420, 1)
(1421, 1)
(1422, 1)
(1423, 1)
(1424, 1)
(1426, 1)
(1428, 1)
(1429, 1)
(1430, 1)
(1431, 1)
(1432, 1)
(1434, 1)
(1436, 1)
(1437, 1)
(1439, 1)
(1440, 1)
(1441, 1)
(1442, 1)
(1443, 3)
(1444, 0)
(1446, 3)
(1447, 3)
(1448, 3)
(1449, 3)
(1450, 3)
(1451, 3)
(1452, 3)
(1453, 1)
(1454, 1)
(1455, 1)
(1456, 1)
(1457, 1)
(1458, 1)
(1460, 1)
(1461, 1)
(1462, 1)
(1463, 1)
(1464, 1)
(1465, 1)
(1466, 1)
(1467, 1)
(1468, 1)
(1469, 1)
(1470, 1)
(1471, 3)
(1472, 1)
(1473, 1)
(1474, 1)
(1475, 1)
(1476, 1)
(1477, 1)
(1478, 1)
(1479, 1)
(1480, 1)
(1481, 1)
(1482, 1)
(1484, 1)
(1485, 1)
(1486, 0)
(1488, 0)
(1489, 0)
(1490, 0)
(1491, 0)
(1493, 3)
(1494, 3)
(1495, 1)
(1496, 1)
(1497, 1)
(1498, 1)
(1499, 1)
(1500, 1)
(1501, 1)
(1502, 1)
(1503, 1)
(1504, 1)
(1505, 1)
(1506, 1)
(1507, 1)
(1508, 1)
(1509, 3)
(1510, 1)
(1512, 1)
(1513, 1)
(1514, 1)
(1515, 1)
(1516, 3)
(1517, 1)
(1518, 1)
(1519, 1)
(1520, 1)
(1521, 3)
(1522, 3)
(1523, 3)
(1524, 3)
(1525, 3)
(1526, 3)
(1527, 1)
(1528, 1)
(1529, 1)
(1531, 1)
(1532, 1)
(1533, 0)
(1535, 3)
(1536, 3)
(1537, 3)
(1538, 3)
(1539, 3)
(1540, 1)
(1541, 1)
(1542, 1)
(1543, 1)
(1544, 1)
(1545, 1)
(1546, 1)
(1547, 1)
(1548, 1)
(1550, 1)
(1551, 1)
(1552, 1)
(1553, 1)
(1554, 1)
(1555, 1)
(1557, 1)
(1558, 1)
(1559, 1)
(1560, 1)
(1561, 0)
(1563, 0)
(1564, 0)
(1565, 0)
(1567, 3)
(1568, 3)
(1569, 3)
(1570, 3)
(1571, 3)
(1572, 3)
(1573, 3)
(1574, 3)
(1575, 0)
(1576, 0)
(1577, 0)
(1578, 0)
(1580, 3)
(1581, 3)
(1582, 3)
(1583, 3)
(1584, 3)
(1585, 3)
(1586, 3)
(1587, 3)
(1588, 3)
(1589, 3)
(1590, 3)
(1591, 3)
(1592, 3)
(1593, 3)
(1594, 3)
(1595, 3)
(1596, 3)
(1597, 3)
(1598, 3)
(1599, 3)
(1600, 0)

******************** Valor 2 - DeterministicGoalState - It_value *********************
1: 156.01589459372832
2: 154.0049775623349
3: 0.0
4: 150.00046374057254
5: 148.00013791953506
6: 146.00004030513517
7: 144.00001157186426
8: 142.00000326344855
9: 140.0000009038585
10: 138.0000002458055
11: 136.0000000656243
12: 134.0000000171962
13: 132.00000000442185
14: 130.00000000111555
15: 0.0
16: 126.00000000006698
17: 124.00000000001592
18: 0.0
19: 120.00000000000082
20: 118.00000000000017
21: 116.00000000000003
22: 114.0
23: 112.0
24: 110.0
25: 108.0
26: 106.0
27: 104.0
28: 102.0
29: 100.0
30: 98.0
31: 96.0
32: 94.0
33: 92.0
34: 90.0
35: 92.0
36: 90.0
37: 88.0
38: 86.0
39: 84.0
40: 82.0
41: 154.0049775623349
42: 152.00153243357548
43: 150.00046374057254
44: 148.00013791953506
45: 146.00004030513517
46: 144.00001157186426
47: 142.00000326344855
48: 140.0000009038585
49: 138.0000002458055
50: 136.0000000656243
51: 134.0000000171962
52: 132.00000000442185
53: 130.00000000111555
54: 128.00000000027603
55: 126.00000000006698
56: 124.00000000001592
57: 122.0000000000037
58: 120.00000000000082
59: 118.00000000000017
60: 0.0
61: 114.0
62: 112.0
63: 0.0
64: 108.0
65: 106.0
66: 104.0
67: 102.0
68: 100.0
69: 98.0
70: 96.0
71: 94.0
72: 92.0
73: 90.0
74: 88.0
75: 90.0
76: 88.0
77: 86.0
78: 84.0
79: 82.0
80: 80.0
81: 152.00153243357548
82: 150.00046374057254
83: 0.0
84: 146.00004030513517
85: 0.0
86: 142.00000326344855
87: 140.0000009038585
88: 0.0
89: 136.0000000656243
90: 134.0000000171962
91: 132.00000000442185
92: 130.00000000111555
93: 128.00000000027603
94: 126.00000000006698
95: 124.00000000001592
96: 122.0000000000037
97: 120.00000000000082
98: 118.00000000000017
99: 116.00000000000003
100: 114.0
101: 112.0
102: 110.0
103: 108.0
104: 106.0
105: 104.0
106: 102.0
107: 100.0
108: 98.0
109: 96.0
110: 94.0
111: 92.0
112: 90.0
113: 88.0
114: 86.0
115: 0.0
116: 86.0
117: 0.0
118: 82.0
119: 80.0
120: 78.0
121: 150.00046374057254
122: 148.00013791953506
123: 146.00004030513517
124: 144.00001157186426
125: 142.00000326344855
126: 140.0000009038585
127: 138.0000002458055
128: 136.0000000656243
129: 134.0000000171962
130: 132.00000000442185
131: 0.0
132: 128.00000000027603
133: 0.0
134: 124.00000000001592
135: 122.0000000000037
136: 120.00000000000082
137: 118.00000000000017
138: 116.00000000000003
139: 114.0
140: 112.0
141: 110.0
142: 108.0
143: 106.0
144: 104.0
145: 0.0
146: 100.0
147: 98.0
148: 96.0
149: 94.0
150: 92.0
151: 90.0
152: 88.0
153: 0.0
154: 84.0
155: 86.0
156: 84.0
157: 82.0
158: 80.0
159: 78.0
160: 76.0
161: 148.00013791953506
162: 146.00004030513517
163: 144.00001157186426
164: 142.00000326344855
165: 140.0000009038585
166: 138.0000002458055
167: 136.0000000656243
168: 134.0000000171962
169: 132.00000000442185
170: 130.00000000111555
171: 128.00000000027603
172: 126.00000000006698
173: 124.00000000001592
174: 122.0000000000037
175: 120.00000000000082
176: 118.00000000000017
177: 116.00000000000003
178: 0.0
179: 112.0
180: 110.0
181: 108.0
182: 0.0
183: 104.0
184: 102.0
185: 100.0
186: 98.0
187: 0.0
188: 94.0
189: 92.0
190: 90.0
191: 0.0
192: 86.0
193: 84.0
194: 82.0
195: 84.0
196: 82.0
197: 80.0
198: 78.0
199: 0.0
200: 74.0
201: 146.00004030513517
202: 144.00001157186426
203: 142.00000326344855
204: 140.0000009038585
205: 138.0000002458055
206: 136.0000000656243
207: 134.0000000171962
208: 132.00000000442185
209: 0.0
210: 128.00000000027603
211: 126.00000000006698
212: 124.00000000001592
213: 0.0
214: 120.00000000000082
215: 118.00000000000017
216: 116.00000000000003
217: 114.0
218: 112.0
219: 110.0
220: 108.0
221: 106.0
222: 104.0
223: 102.0
224: 0.0
225: 98.0
226: 96.0
227: 94.0
228: 92.0
229: 0.0
230: 88.0
231: 86.0
232: 84.0
233: 82.0
234: 80.0
235: 0.0
236: 80.0
237: 78.0
238: 76.0
239: 74.0
240: 72.0
241: 144.00001157186426
242: 142.00000326344855
243: 140.0000009038585
244: 138.0000002458055
245: 136.0000000656243
246: 134.0000000171962
247: 132.00000000442185
248: 130.00000000111555
249: 128.00000000027603
250: 126.00000000006698
251: 124.00000000001592
252: 122.0000000000037
253: 120.00000000000082
254: 118.00000000000017
255: 116.00000000000003
256: 114.0
257: 0.0
258: 110.0
259: 108.0
260: 106.0
261: 104.0
262: 102.0
263: 100.0
264: 98.0
265: 96.0
266: 94.0
267: 92.0
268: 90.0
269: 88.0
270: 86.0
271: 84.0
272: 0.0
273: 80.0
274: 78.0
275: 76.0
276: 78.0
277: 76.0
278: 74.0
279: 72.0
280: 70.0
281: 142.00000326344855
282: 0.0
283: 138.0000002458055
284: 136.0000000656243
285: 134.0000000171962
286: 132.00000000442185
287: 130.00000000111555
288: 0.0
289: 126.00000000006698
290: 124.00000000001592
291: 122.0000000000037
292: 120.00000000000082
293: 118.00000000000017
294: 116.00000000000003
295: 0.0
296: 112.0
297: 110.0
298: 108.0
299: 106.0
300: 104.0
301: 102.0
302: 100.0
303: 98.0
304: 0.0
305: 94.0
306: 92.0
307: 90.0
308: 88.0
309: 86.0
310: 84.0
311: 82.0
312: 80.0
313: 78.0
314: 76.0
315: 74.0
316: 76.0
317: 0.0
318: 72.0
319: 70.0
320: 68.0
321: 140.0000009038585
322: 138.0000002458055
323: 136.0000000656243
324: 134.0000000171962
325: 0.0
326: 130.00000000111555
327: 128.00000000027603
328: 126.00000000006698
329: 124.00000000001592
330: 0.0
331: 120.00000000000082
332: 118.00000000000017
333: 116.00000000000003
334: 114.0
335: 112.0
336: 110.0
337: 108.0
338: 106.0
339: 104.0
340: 102.0
341: 100.0
342: 98.0
343: 96.0
344: 94.0
345: 92.0
346: 90.0
347: 88.0
348: 0.0
349: 84.0
350: 82.0
351: 80.0
352: 78.0
353: 0.0
354: 74.0
355: 72.0
356: 74.0
357: 72.0
358: 70.0
359: 68.0
360: 66.0
361: 138.0000002458055
362: 136.0000000656243
363: 134.0000000171962
364: 132.00000000442185
365: 130.00000000111555
366: 128.00000000027603
367: 126.00000000006698
368: 124.00000000001592
369: 122.0000000000037
370: 120.00000000000082
371: 118.00000000000017
372: 116.00000000000003
373: 114.0
374: 112.0
375: 110.0
376: 108.0
377: 106.0
378: 104.0
379: 102.0
380: 100.0
381: 98.0
382: 96.0
383: 94.0
384: 92.0
385: 90.0
386: 88.0
387: 86.0
388: 84.0
389: 82.0
390: 80.0
391: 0.0
392: 76.0
393: 74.0
394: 72.0
395: 70.0
396: 72.0
397: 70.0
398: 68.0
399: 66.0
400: 64.0
401: 136.0000000656243
402: 0.0
403: 132.00000000442185
404: 130.00000000111555
405: 128.00000000027603
406: 126.00000000006698
407: 124.00000000001592
408: 122.0000000000037
409: 120.00000000000082
410: 118.00000000000017
411: 116.00000000000003
412: 114.0
413: 112.0
414: 110.0
415: 108.0
416: 106.0
417: 104.0
418: 102.0
419: 100.0
420: 98.0
421: 96.0
422: 0.0
423: 92.0
424: 90.0
425: 88.0
426: 86.0
427: 84.0
428: 82.0
429: 80.0
430: 78.0
431: 76.0
432: 74.0
433: 72.0
434: 0.0
435: 68.0
436: 0.0
437: 68.0
438: 66.0
439: 0.0
440: 62.0
441: 134.0000000171962
442: 132.00000000442185
443: 130.00000000111555
444: 128.00000000027603
445: 126.00000000006698
446: 124.00000000001592
447: 122.0000000000037
448: 120.00000000000082
449: 118.00000000000017
450: 116.00000000000003
451: 0.0
452: 112.0
453: 110.0
454: 108.0
455: 106.0
456: 0.0
457: 102.0
458: 100.0
459: 98.0
460: 96.0
461: 94.0
462: 92.0
463: 90.0
464: 88.0
465: 86.0
466: 84.0
467: 82.0
468: 0.0
469: 78.0
470: 76.0
471: 74.0
472: 72.0
473: 70.0
474: 68.0
475: 66.0
476: 64.0
477: 66.0
478: 64.0
479: 62.0
480: 60.0
481: 0.0
482: 130.00000000111555
483: 128.00000000027603
484: 126.00000000006698
485: 124.00000000001592
486: 122.0000000000037
487: 120.00000000000082
488: 118.00000000000017
489: 116.00000000000003
490: 114.0
491: 112.0
492: 110.0
493: 108.0
494: 106.0
495: 104.0
496: 102.0
497: 100.0
498: 98.0
499: 96.0
500: 94.0
501: 0.0
502: 90.0
503: 88.0
504: 86.0
505: 0.0
506: 82.0
507: 80.0
508: 78.0
509: 76.0
510: 74.0
511: 72.0
512: 70.0
513: 68.0
514: 66.0
515: 64.0
516: 62.0
517: 0.0
518: 62.0
519: 60.0
520: 58.0
521: 130.00000000111555
522: 128.00000000027603
523: 126.00000000006698
524: 124.00000000001592
525: 122.0000000000037
526: 0.0
527: 118.00000000000017
528: 116.00000000000003
529: 114.0
530: 112.0
531: 110.0
532: 108.0
533: 0.0
534: 104.0
535: 102.0
536: 100.0
537: 98.0
538: 96.0
539: 94.0
540: 92.0
541: 90.0
542: 88.0
543: 86.0
544: 84.0
545: 82.0
546: 80.0
547: 78.0
548: 76.0
549: 74.0
550: 72.0
551: 0.0
552: 68.0
553: 66.0
554: 64.0
555: 62.0
556: 60.0
557: 62.0
558: 60.0
559: 58.0
560: 56.0
561: 128.00000000027603
562: 126.00000000006698
563: 124.00000000001592
564: 122.0000000000037
565: 120.00000000000082
566: 118.00000000000017
567: 116.00000000000003
568: 114.0
569: 112.0
570: 0.0
571: 108.0
572: 106.0
573: 104.0
574: 102.0
575: 100.0
576: 98.0
577: 96.0
578: 94.0
579: 92.0
580: 90.0
581: 88.0
582: 0.0
583: 84.0
584: 82.0
585: 80.0
586: 0.0
587: 76.0
588: 74.0
589: 72.0
590: 70.0
591: 68.0
592: 66.0
593: 64.0
594: 0.0
595: 60.0
596: 58.0
597: 60.0
598: 58.0
599: 0.0
600: 54.0
601: 126.00000000006698
602: 0.0
603: 122.0000000000037
604: 120.00000000000082
605: 118.00000000000017
606: 116.00000000000003
607: 114.0
608: 112.0
609: 110.0
610: 108.0
611: 106.0
612: 104.0
613: 102.0
614: 100.0
615: 98.0
616: 96.0
617: 94.0
618: 92.0
619: 90.0
620: 88.0
621: 86.0
622: 84.0
623: 82.0
624: 0.0
625: 78.0
626: 76.0
627: 74.0
628: 72.0
629: 70.0
630: 68.0
631: 66.0
632: 64.0
633: 62.0
634: 60.0
635: 58.0
636: 56.0
637: 58.0
638: 56.0
639: 54.0
640: 52.0
641: 124.00000000001592
642: 122.0000000000037
643: 120.00000000000082
644: 118.00000000000017
645: 0.0
646: 114.0
647: 112.0
648: 0.0
649: 108.0
650: 106.0
651: 104.0
652: 102.0
653: 0.0
654: 98.0
655: 96.0
656: 94.0
657: 92.0
658: 90.0
659: 88.0
660: 86.0
661: 84.0
662: 82.0
663: 80.0
664: 78.0
665: 76.0
666: 74.0
667: 72.0
668: 70.0
669: 0.0
670: 66.0
671: 64.0
672: 62.0
673: 60.0
674: 58.0
675: 56.0
676: 54.0
677: 0.0
678: 54.0
679: 52.0
680: 50.0
681: 122.0000000000037
682: 120.00000000000082
683: 118.00000000000017
684: 116.00000000000003
685: 114.0
686: 112.0
687: 110.0
688: 108.0
689: 106.0
690: 104.0
691: 102.0
692: 100.0
693: 98.0
694: 96.0
695: 94.0
696: 92.0
697: 90.0
698: 0.0
699: 86.0
700: 84.0
701: 0.0
702: 80.0
703: 0.0
704: 76.0
705: 0.0
706: 72.0
707: 70.0
708: 68.0
709: 66.0
710: 64.0
711: 62.0
712: 60.0
713: 58.0
714: 56.0
715: 0.0
716: 52.0
717: 54.0
718: 52.0
719: 50.0
720: 48.0
721: 120.00000000000082
722: 118.00000000000017
723: 116.00000000000003
724: 114.0
725: 0.0
726: 110.0
727: 108.0
728: 106.0
729: 104.0
730: 102.0
731: 100.0
732: 0.0
733: 96.0
734: 0.0
735: 92.0
736: 90.0
737: 88.0
738: 86.0
739: 84.0
740: 82.0
741: 80.0
742: 78.0
743: 76.0
744: 74.0
745: 72.0
746: 70.0
747: 68.0
748: 66.0
749: 64.0
750: 62.0
751: 60.0
752: 58.0
753: 0.0
754: 54.0
755: 52.0
756: 50.0
757: 52.0
758: 50.0
759: 48.0
760: 46.0
761: 118.00000000000017
762: 116.00000000000003
763: 0.0
764: 112.0
765: 110.0
766: 108.0
767: 106.0
768: 104.0
769: 102.0
770: 0.0
771: 98.0
772: 96.0
773: 94.0
774: 92.0
775: 90.0
776: 88.0
777: 86.0
778: 84.0
779: 82.0
780: 80.0
781: 78.0
782: 76.0
783: 0.0
784: 72.0
785: 70.0
786: 0.0
787: 66.0
788: 64.0
789: 0.0
790: 60.0
791: 58.0
792: 56.0
793: 54.0
794: 52.0
795: 50.0
796: 48.0
797: 50.0
798: 48.0
799: 0.0
800: 44.0
801: 116.00000000000003
802: 114.0
803: 112.0
804: 110.0
805: 108.0
806: 106.0
807: 0.0
808: 102.0
809: 100.0
810: 98.0
811: 96.0
812: 94.0
813: 92.0
814: 90.0
815: 88.0
816: 86.0
817: 84.0
818: 0.0
819: 80.0
820: 0.0
821: 76.0
822: 74.0
823: 72.0
824: 70.0
825: 68.0
826: 66.0
827: 64.0
828: 62.0
829: 60.0
830: 58.0
831: 0.0
832: 54.0
833: 52.0
834: 50.0
835: 0.0
836: 46.0
837: 0.0
838: 46.0
839: 44.0
840: 42.0
841: 114.0
842: 0.0
843: 110.0
844: 108.0
845: 0.0
846: 104.0
847: 102.0
848: 100.0
849: 98.0
850: 0.0
851: 94.0
852: 0.0
853: 90.0
854: 88.0
855: 0.0
856: 84.0
857: 82.0
858: 80.0
859: 78.0
860: 76.0
861: 74.0
862: 72.0
863: 70.0
864: 68.0
865: 66.0
866: 64.0
867: 62.0
868: 60.0
869: 58.0
870: 56.0
871: 54.0
872: 52.0
873: 50.0
874: 48.0
875: 46.0
876: 44.0
877: 42.0
878: 44.0
879: 0.0
880: 40.0
881: 112.0
882: 110.0
883: 108.0
884: 106.0
885: 104.0
886: 102.0
887: 100.0
888: 98.0
889: 96.0
890: 94.0
891: 92.0
892: 90.0
893: 88.0
894: 86.0
895: 84.0
896: 82.0
897: 80.0
898: 78.0
899: 76.0
900: 74.0
901: 72.0
902: 70.0
903: 68.0
904: 0.0
905: 64.0
906: 62.0
907: 60.0
908: 0.0
909: 56.0
910: 54.0
911: 52.0
912: 50.0
913: 48.0
914: 46.0
915: 44.0
916: 42.0
917: 40.0
918: 42.0
919: 40.0
920: 38.0
921: 110.0
922: 108.0
923: 106.0
924: 104.0
925: 102.0
926: 100.0
927: 98.0
928: 0.0
929: 94.0
930: 92.0
931: 90.0
932: 88.0
933: 0.0
934: 84.0
935: 82.0
936: 80.0
937: 0.0
938: 76.0
939: 74.0
940: 72.0
941: 70.0
942: 0.0
943: 66.0
944: 64.0
945: 62.0
946: 60.0
947: 58.0
948: 56.0
949: 54.0
950: 52.0
951: 50.0
952: 48.0
953: 46.0
954: 44.0
955: 42.0
956: 40.0
957: 38.0
958: 0.0
959: 38.0
960: 36.0
961: 108.0
962: 0.0
963: 104.0
964: 102.0
965: 100.0
966: 98.0
967: 96.0
968: 94.0
969: 92.0
970: 90.0
971: 88.0
972: 86.0
973: 84.0
974: 82.0
975: 80.0
976: 78.0
977: 76.0
978: 74.0
979: 72.0
980: 70.0
981: 68.0
982: 66.0
983: 64.0
984: 62.0
985: 60.0
986: 58.0
987: 56.0
988: 0.0
989: 52.0
990: 50.0
991: 48.0
992: 0.0
993: 44.0
994: 42.0
995: 40.0
996: 38.0
997: 36.0
998: 34.0
999: 36.0
1000: 34.0
1001: 106.0
1002: 104.0
1003: 102.0
1004: 100.0
1005: 98.0
1006: 96.0
1007: 94.0
1008: 0.0
1009: 90.0
1010: 88.0
1011: 86.0
1012: 84.0
1013: 82.0
1014: 80.0
1015: 78.0
1016: 76.0
1017: 74.0
1018: 0.0
1019: 70.0
1020: 68.0
1021: 66.0
1022: 64.0
1023: 62.0
1024: 60.0
1025: 0.0
1026: 56.0
1027: 54.0
1028: 52.0
1029: 50.0
1030: 0.0
1031: 46.0
1032: 44.0
1033: 42.0
1034: 0.0
1035: 38.0
1036: 36.0
1037: 34.0
1038: 32.0
1039: 0.0
1040: 32.0
1041: 104.0
1042: 102.0
1043: 100.0
1044: 98.0
1045: 96.0
1046: 94.0
1047: 92.0
1048: 90.0
1049: 88.0
1050: 86.0
1051: 84.0
1052: 82.0
1053: 80.0
1054: 0.0
1055: 76.0
1056: 74.0
1057: 72.0
1058: 70.0
1059: 68.0
1060: 66.0
1061: 64.0
1062: 0.0
1063: 60.0
1064: 58.0
1065: 56.0
1066: 54.0
1067: 52.0
1068: 50.0
1069: 48.0
1070: 46.0
1071: 44.0
1072: 42.0
1073: 40.0
1074: 38.0
1075: 36.0
1076: 34.0
1077: 32.0
1078: 30.0
1079: 32.0
1080: 30.0
1081: 102.0
1082: 100.0
1083: 98.0
1084: 96.0
1085: 94.0
1086: 92.0
1087: 90.0
1088: 88.0
1089: 86.0
1090: 0.0
1091: 82.0
1092: 80.0
1093: 78.0
1094: 76.0
1095: 74.0
1096: 72.0
1097: 70.0
1098: 68.0
1099: 0.0
1100: 64.0
1101: 62.0
1102: 60.0
1103: 58.0
1104: 56.0
1105: 54.0
1106: 52.0
1107: 50.0
1108: 48.0
1109: 46.0
1110: 44.0
1111: 42.0
1112: 0.0
1113: 38.0
1114: 36.0
1115: 34.0
1116: 32.0
1117: 30.0
1118: 28.0
1119: 30.0
1120: 28.0
1121: 100.0
1122: 98.0
1123: 0.0
1124: 94.0
1125: 92.0
1126: 90.0
1127: 88.0
1128: 86.0
1129: 84.0
1130: 82.0
1131: 80.0
1132: 0.0
1133: 76.0
1134: 74.0
1135: 72.0
1136: 70.0
1137: 68.0
1138: 66.0
1139: 64.0
1140: 62.0
1141: 60.0
1142: 58.0
1143: 56.0
1144: 54.0
1145: 0.0
1146: 50.0
1147: 48.0
1148: 46.0
1149: 44.0
1150: 0.0
1151: 40.0
1152: 38.0
1153: 36.0
1154: 34.0
1155: 32.0
1156: 30.0
1157: 28.0
1158: 26.0
1159: 28.0
1160: 26.0
1161: 98.0
1162: 96.0
1163: 94.0
1164: 92.0
1165: 90.0
1166: 88.0
1167: 0.0
1168: 84.0
1169: 82.0
1170: 80.0
1171: 78.0
1172: 76.0
1173: 74.0
1174: 72.0
1175: 0.0
1176: 68.0
1177: 66.0
1178: 64.0
1179: 62.0
1180: 60.0
1181: 0.0
1182: 56.0
1183: 54.0
1184: 52.0
1185: 50.0
1186: 48.0
1187: 46.0
1188: 0.0
1189: 42.0
1190: 40.0
1191: 38.0
1192: 36.0
1193: 0.0
1194: 32.0
1195: 30.0
1196: 28.0
1197: 0.0
1198: 24.0
1199: 26.0
1200: 24.0
1201: 96.0
1202: 0.0
1203: 92.0
1204: 90.0
1205: 88.0
1206: 86.0
1207: 84.0
1208: 82.0
1209: 80.0
1210: 78.0
1211: 76.0
1212: 74.0
1213: 72.0
1214: 70.0
1215: 68.0
1216: 66.0
1217: 64.0
1218: 62.0
1219: 0.0
1220: 58.0
1221: 56.0
1222: 54.0
1223: 52.0
1224: 50.0
1225: 48.0
1226: 0.0
1227: 44.0
1228: 42.0
1229: 40.0
1230: 38.0
1231: 36.0
1232: 34.0
1233: 32.0
1234: 30.0
1235: 28.0
1236: 26.0
1237: 24.0
1238: 22.0
1239: 0.0
1240: 22.0
1241: 94.0
1242: 92.0
1243: 90.0
1244: 88.0
1245: 0.0
1246: 84.0
1247: 0.0
1248: 80.0
1249: 78.0
1250: 76.0
1251: 74.0
1252: 72.0
1253: 70.0
1254: 68.0
1255: 66.0
1256: 64.0
1257: 62.0
1258: 60.0
1259: 58.0
1260: 56.0
1261: 54.0
1262: 52.0
1263: 50.0
1264: 48.0
1265: 46.0
1266: 44.0
1267: 42.0
1268: 40.0
1269: 38.0
1270: 36.0
1271: 0.0
1272: 32.0
1273: 30.0
1274: 28.0
1275: 26.0
1276: 0.0
1277: 22.0
1278: 20.0
1279: 18.0
1280: 20.0
1281: 92.0
1282: 0.0
1283: 88.0
1284: 86.0
1285: 84.0
1286: 82.0
1287: 80.0
1288: 78.0
1289: 76.0
1290: 74.0
1291: 72.0
1292: 0.0
1293: 68.0
1294: 66.0
1295: 64.0
1296: 62.0
1297: 60.0
1298: 58.0
1299: 56.0
1300: 54.0
1301: 52.0
1302: 50.0
1303: 48.0
1304: 0.0
1305: 44.0
1306: 42.0
1307: 40.0
1308: 38.0
1309: 36.0
1310: 34.0
1311: 32.0
1312: 30.0
1313: 28.0
1314: 26.0
1315: 24.0
1316: 22.0
1317: 20.0
1318: 0.0
1319: 16.0
1320: 18.0
1321: 90.0
1322: 88.0
1323: 86.0
1324: 0.0
1325: 82.0
1326: 0.0
1327: 78.0
1328: 76.0
1329: 0.0
1330: 72.0
1331: 70.0
1332: 68.0
1333: 66.0
1334: 64.0
1335: 62.0
1336: 60.0
1337: 58.0
1338: 56.0
1339: 54.0
1340: 52.0
1341: 50.0
1342: 48.0
1343: 46.0
1344: 44.0
1345: 42.0
1346: 40.0
1347: 38.0
1348: 36.0
1349: 34.0
1350: 32.0
1351: 30.0
1352: 28.0
1353: 26.0
1354: 24.0
1355: 22.0
1356: 20.0
1357: 18.0
1358: 16.0
1359: 14.0
1360: 16.0
1361: 88.0
1362: 86.0
1363: 84.0
1364: 82.0
1365: 80.0
1366: 78.0
1367: 76.0
1368: 74.0
1369: 72.0
1370: 70.0
1371: 68.0
1372: 66.0
1373: 64.0
1374: 62.0
1375: 60.0
1376: 58.0
1377: 56.0
1378: 54.0
1379: 52.0
1380: 50.0
1381: 48.0
1382: 0.0
1383: 44.0
1384: 42.0
1385: 40.0
1386: 38.0
1387: 36.0
1388: 34.0
1389: 32.0
1390: 30.0
1391: 0.0
1392: 26.0
1393: 24.0
1394: 22.0
1395: 20.0
1396: 18.0
1397: 16.0
1398: 14.0
1399: 12.0
1400: 0.0
1401: 90.0
1402: 88.0
1403: 0.0
1404: 80.0
1405: 78.0
1406: 76.0
1407: 74.0
1408: 72.0
1409: 0.0
1410: 68.0
1411: 66.0
1412: 64.0
1413: 62.0
1414: 60.0
1415: 58.0
1416: 56.0
1417: 0.0
1418: 52.0
1419: 50.0
1420: 48.0
1421: 46.0
1422: 44.0
1423: 42.0
1424: 40.0
1425: 0.0
1426: 36.0
1427: 0.0
1428: 32.0
1429: 30.0
1430: 28.0
1431: 26.0
1432: 24.0
1433: 0.0
1434: 20.0
1435: 0.0
1436: 16.0
1437: 14.0
1438: 0.0
1439: 10.0
1440: 8.0
1441: 88.0
1442: 86.0
1443: 84.0
1444: 82.0
1445: 0.0
1446: 74.0
1447: 72.0
1448: 70.0
1449: 68.0
1450: 66.0
1451: 64.0
1452: 62.0
1453: 60.0
1454: 58.0
1455: 56.0
1456: 54.0
1457: 52.0
1458: 50.0
1459: 0.0
1460: 46.0
1461: 44.0
1462: 42.0
1463: 40.0
1464: 38.0
1465: 36.0
1466: 34.0
1467: 32.0
1468: 30.0
1469: 28.0
1470: 26.0
1471: 24.0
1472: 22.0
1473: 20.0
1474: 18.0
1475: 16.0
1476: 14.0
1477: 12.0
1478: 10.0
1479: 8.0
1480: 6.0
1481: 86.0
1482: 84.0
1483: 0.0
1484: 80.0
1485: 78.0
1486: 76.0
1487: 0.0
1488: 72.0
1489: 70.0
1490: 68.0
1491: 66.0
1492: 0.0
1493: 58.0
1494: 56.0
1495: 54.0
1496: 52.0
1497: 50.0
1498: 48.0
1499: 46.0
1500: 44.0
1501: 42.0
1502: 40.0
1503: 38.0
1504: 36.0
1505: 34.0
1506: 32.0
1507: 30.0
1508: 28.0
1509: 26.0
1510: 24.0
1511: 0.0
1512: 20.0
1513: 18.0
1514: 16.0
1515: 14.0
1516: 12.0
1517: 10.0
1518: 8.0
1519: 6.0
1520: 4.0
1521: 84.0
1522: 82.0
1523: 80.0
1524: 78.0
1525: 76.0
1526: 74.0
1527: 72.0
1528: 70.0
1529: 68.0
1530: 0.0
1531: 64.0
1532: 62.0
1533: 60.0
1534: 0.0
1535: 52.0
1536: 50.0
1537: 48.0
1538: 46.0
1539: 44.0
1540: 42.0
1541: 40.0
1542: 38.0
1543: 36.0
1544: 34.0
1545: 32.0
1546: 30.0
1547: 28.0
1548: 26.0
1549: 0.0
1550: 22.0
1551: 20.0
1552: 18.0
1553: 16.0
1554: 14.0
1555: 12.0
1556: 0.0
1557: 8.0
1558: 6.0
1559: 4.0
1560: 2.0
1561: 86.0
1562: 0.0
1563: 82.0
1564: 80.0
1565: 78.0
1566: 0.0
1567: 70.0
1568: 68.0
1569: 66.0
1570: 64.0
1571: 62.0
1572: 60.0
1573: 58.0
1574: 56.0
1575: 54.0
1576: 52.0
1577: 50.0
1578: 48.0
1579: 0.0
1580: 40.0
1581: 38.0
1582: 36.0
1583: 34.0
1584: 32.0
1585: 30.0
1586: 28.0
1587: 26.0
1588: 24.0
1589: 22.0
1590: 20.0
1591: 18.0
1592: 16.0
1593: 14.0
1594: 12.0
1595: 10.0
1596: 8.0
1597: 6.0
1598: 4.0
1599: 2.0
1600: 0.0

******************** Tempo 2 - DeterministicGoalState - It_value *********************
310124 milissegundos
320 iteracoes
