
Inicio dos resultados


******************** PROBLEMA 3 - DeterministicGoalState - LAO *********************
1 1 1 1 1 1 0 1 1 1 1 1 1 1 1 1 0 1 1 1 1 1 1 1 1 1 1 1 1 1 1 0 1 1 1 1 0 1 1 1 1 1 1 0 x x x x x x x x x x x x x x x x 
1 1 1 1 0 1 1 1 1 1 1 1 0 1 1 1 1 1 1 1 1 1 1 1 1 1 1 1 1 1 1 1 1 0 x x x x x x x x x x x 1 1 1 1 1 1 0 1 1 1 1 1 1 1 1 
1 1 0 1 1 1 0 1 1 1 1 1 1 1 1 0 1 0 1 1 1 1 1 1 1 0 x x x x x x x x x 1 1 1 1 1 1 1 1 1 1 1 1 1 1 1 1 1 1 1 1 1 1 1 1 1 
0 1 1 1 1 1 1 1 1 0 1 1 1 1 1 1 1 1 1 1 1 1 1 0 x x x 1 1 1 1 1 1 0 1 1 1 1 1 0 1 1 1 1 1 0 1 1 0 1 1 1 1 1 1 1 1 1 1 1 
1 1 1 1 0 1 1 1 1 1 1 1 0 x x x x x x x x x x x x 1 1 1 1 1 1 1 1 1 1 1 1 1 1 1 1 1 1 0 1 1 1 1 1 1 1 0 1 1 1 0 1 1 1 1 
1 1 1 1 1 1 1 0 x x x x x x 0 1 0 1 1 1 1 0 1 1 1 1 1 1 0 1 1 1 1 1 1 1 1 1 1 0 1 1 1 1 1 1 1 1 1 0 1 1 1 0 1 1 1 1 0 1 
1 1 1 1 0 x x x x 1 1 1 1 1 1 1 1 1 1 1 1 1 1 1 1 1 1 1 1 1 1 1 1 1 1 1 1 1 1 1 1 1 1 1 1 1 1 1 1 1 1 1 1 1 1 1 0 1 1 1 
1 1 1 1 x x 1 1 1 1 1 0 1 1 1 1 1 1 0 1 1 1 1 1 0 1 0 1 1 1 1 0 1 1 1 1 0 1 0 1 1 1 0 1 1 0 1 1 1 1 1 0 1 1 1 1 1 1 1 1 
1 1 1 1 x 1 1 1 1 0 1 1 1 1 1 1 0 1 1 1 1 1 1 1 1 1 1 1 1 1 1 1 1 1 1 1 1 1 1 1 1 1 1 1 1 1 1 1 1 1 1 1 1 1 0 1 1 1 1 1 
0 1 1 0 x 1 1 0 1 1 1 1 1 0 1 1 1 1 1 1 1 1 1 1 1 1 1 1 1 1 0 1 1 1 1 1 1 1 1 1 0 1 1 0 1 0 1 1 1 1 1 1 1 1 1 1 1 1 0 1 
1 1 1 x x 1 1 1 1 1 1 1 1 1 1 1 1 1 0 1 1 1 1 0 1 1 1 0 1 1 1 1 1 1 1 1 1 1 1 1 1 1 1 1 1 1 1 1 1 1 1 1 0 1 0 1 1 1 1 1 
1 1 1 x 1 1 1 1 1 0 1 0 1 1 1 1 0 1 1 1 1 0 1 1 1 1 1 1 1 1 1 1 1 1 1 0 1 0 1 1 1 1 1 0 1 0 1 1 1 1 1 1 1 1 1 1 1 1 1 1 
1 1 1 x 1 1 1 0 1 1 1 1 1 1 1 1 1 1 1 1 1 1 1 1 1 0 1 0 1 1 1 1 1 1 1 1 1 1 1 1 1 1 1 1 1 1 1 1 1 1 1 1 1 0 1 1 1 1 1 1 
1 1 1 x 0 1 1 1 1 1 1 0 1 0 1 1 1 0 1 1 1 0 1 1 1 1 1 1 1 1 1 1 1 1 1 1 1 1 1 0 1 1 1 1 1 1 1 0 1 1 1 1 1 1 1 1 1 1 0 1 
1 1 0 x 1 1 1 1 0 1 1 1 1 1 1 1 1 1 1 1 1 1 1 1 1 0 1 1 1 1 1 1 1 1 1 1 1 1 1 1 1 1 1 1 0 1 1 1 1 1 1 1 1 1 1 1 1 1 1 1 
1 1 1 x 1 1 1 1 1 1 1 1 1 0 1 1 1 1 1 1 1 1 1 1 1 1 1 1 1 1 1 1 1 0 1 1 1 1 1 0 1 1 1 1 1 1 1 1 1 1 1 1 1 1 1 0 1 1 1 1 
1 1 1 x 0 1 1 1 0 1 1 0 1 1 1 1 1 1 0 1 1 0 1 1 1 1 1 1 1 1 1 0 1 1 1 1 0 1 1 1 1 0 1 1 1 1 1 1 1 0 1 1 1 0 1 1 1 1 1 1 
1 1 1 x 1 1 1 1 1 1 1 1 1 1 1 0 1 1 1 1 1 1 1 1 0 1 1 1 1 1 1 1 1 1 1 1 1 1 1 1 1 1 1 1 1 1 1 1 1 1 1 1 1 1 1 1 1 1 1 1 
1 1 1 x 1 0 1 1 1 1 0 1 1 1 1 1 1 1 0 1 1 1 1 1 1 1 1 1 1 0 1 1 0 1 1 1 1 1 1 1 1 0 1 1 1 1 1 1 1 1 1 1 1 1 1 1 1 1 1 1 
1 0 1 x 1 1 1 1 1 1 1 1 0 1 0 1 0 1 1 1 1 1 1 1 0 1 1 1 1 1 1 1 1 1 1 1 0 1 0 1 1 1 1 1 0 1 1 1 1 1 1 1 0 1 1 1 1 1 1 1 
1 1 1 x 1 0 1 1 0 1 1 1 1 1 1 1 1 1 1 1 1 1 1 1 1 1 1 1 0 1 1 1 1 0 1 1 1 1 1 1 1 1 1 1 1 1 1 0 1 1 0 1 1 1 1 0 1 1 1 1 
1 1 1 x 1 1 1 1 1 1 1 0 1 1 1 1 1 1 1 1 1 1 1 1 0 1 1 1 1 1 1 1 1 1 1 1 1 1 1 1 0 1 1 1 1 0 1 1 1 1 1 1 1 1 1 1 1 1 1 1 
1 0 1 x 1 1 1 1 1 1 1 1 1 1 1 1 1 0 1 1 1 1 0 1 1 1 1 1 1 1 1 1 1 1 1 1 1 1 1 1 1 1 1 1 1 1 1 1 1 1 1 1 1 1 1 1 1 1 1 1 
1 1 1 x 1 0 1 0 1 1 1 1 1 1 1 0 1 1 1 1 1 1 1 1 1 0 1 0 1 1 1 0 1 1 1 1 1 0 1 1 1 1 1 0 1 1 1 1 1 1 1 1 1 1 1 1 0 1 1 1 
1 1 1 x 1 1 1 1 1 1 1 0 1 1 1 1 1 1 1 1 0 1 1 1 1 1 1 1 1 0 1 1 1 1 1 1 1 1 1 1 1 1 1 1 1 1 1 1 0 1 1 1 1 1 1 1 1 1 1 1 
1 1 1 x 1 1 1 1 1 1 1 1 1 0 1 1 1 1 0 1 1 1 1 0 1 0 1 1 1 1 1 1 0 1 0 1 1 0 1 1 1 1 1 1 1 1 1 1 1 1 1 0 1 1 0 1 1 1 1 0 
1 1 1 x 1 1 1 1 1 1 1 1 1 1 1 0 1 1 1 1 1 1 1 1 1 1 1 1 1 1 1 1 1 1 1 1 1 1 1 1 1 1 1 1 1 1 1 1 1 1 1 1 1 1 1 1 0 1 1 1 
1 1 0 x 1 1 1 1 1 1 1 1 1 1 1 1 1 1 1 1 0 1 1 1 0 1 1 1 1 1 1 1 1 1 1 1 1 1 1 1 1 1 1 1 1 0 1 1 1 1 1 1 1 1 1 1 1 1 0 1 
1 1 1 x 1 1 1 1 0 1 1 1 1 1 1 1 1 1 1 1 1 1 1 1 1 1 1 1 1 1 1 1 1 1 1 1 1 1 1 1 1 1 1 1 1 1 1 1 1 1 1 1 1 1 1 1 1 1 1 1 
1 1 1 x 1 1 1 1 1 1 1 1 1 1 1 0 1 1 1 1 1 1 0 1 1 1 1 1 1 1 1 1 1 1 1 0 1 1 1 1 1 1 1 1 1 1 1 1 0 1 1 1 1 1 1 1 1 1 1 1 
1 1 1 x 0 1 1 0 1 1 1 1 1 0 1 1 1 0 1 1 1 1 1 1 1 1 1 1 1 1 1 1 1 1 1 1 1 1 1 1 1 1 0 1 1 1 0 1 1 1 1 1 1 1 0 1 1 1 0 1 
1 0 1 x 1 1 1 1 1 1 1 1 1 1 1 0 1 1 1 1 1 1 1 1 1 1 0 1 1 1 1 1 0 1 1 1 1 1 1 1 0 1 1 1 1 1 1 1 1 1 1 0 1 1 1 1 1 1 1 1 
1 1 1 x 1 0 1 1 1 1 1 1 1 1 1 1 1 1 1 1 0 1 0 1 1 1 1 1 1 1 0 1 1 1 1 0 1 1 0 1 1 1 1 1 1 1 1 1 1 0 1 1 1 1 1 1 1 1 0 1 
1 1 0 x 1 1 1 1 1 1 0 1 1 1 1 1 1 1 0 1 1 1 1 1 1 0 1 1 0 1 1 1 0 1 1 1 1 1 1 1 1 1 1 0 1 1 1 1 1 1 1 1 0 1 1 1 1 1 1 1 
0 1 x x 0 1 1 1 1 1 1 1 0 1 1 1 1 1 1 1 1 1 1 1 1 1 1 1 1 1 1 1 1 1 1 1 1 1 0 1 1 1 1 1 1 1 1 1 1 1 1 1 1 1 1 1 1 0 1 1 
1 1 x 1 1 1 1 1 1 1 1 1 1 1 0 1 1 1 1 1 1 1 1 0 1 1 1 1 1 1 1 1 1 0 1 1 1 1 1 1 1 0 1 1 1 1 0 1 1 1 1 0 1 1 0 1 1 1 1 1 
1 1 x 1 1 1 1 0 1 0 1 1 0 1 1 1 1 1 1 1 0 1 1 1 1 1 1 1 1 1 1 1 1 1 1 0 1 1 1 1 1 1 1 1 1 1 1 1 1 0 1 1 1 1 1 1 0 1 1 1 
1 0 x 1 1 1 1 1 1 1 1 1 1 1 1 1 1 1 1 1 1 1 0 1 1 1 0 1 1 1 1 1 0 1 1 1 1 1 1 1 1 1 1 0 1 1 1 1 1 1 1 1 1 1 1 1 1 1 1 1 
1 1 x 1 1 1 1 1 1 1 1 1 1 1 1 1 1 1 1 0 1 1 1 1 1 1 1 1 1 1 1 1 1 1 0 1 1 1 1 0 1 0 1 1 1 1 1 1 1 1 1 1 0 1 1 1 1 1 1 1 
1 1 x 0 1 1 0 1 1 1 1 1 1 1 1 1 0 1 1 1 1 1 1 1 0 1 1 1 1 1 1 1 1 1 1 1 1 0 1 1 1 1 1 1 0 1 0 1 0 1 0 1 1 1 1 1 1 1 0 1 
1 0 x 1 1 1 1 1 1 1 0 1 1 1 1 1 1 1 1 1 1 0 1 1 1 1 1 1 1 1 1 0 1 1 1 1 1 1 1 0 1 1 1 1 1 1 1 1 1 1 1 1 1 1 1 0 1 1 1 1 
1 x x 1 1 0 1 1 1 1 1 1 1 1 1 1 1 1 0 1 1 1 1 1 1 1 1 0 1 1 1 1 1 1 1 1 1 1 1 1 1 0 1 0 1 0 1 0 1 0 1 1 1 1 1 1 1 1 1 0 
1 x 1 0 1 1 1 1 1 1 1 1 1 0 1 1 1 1 1 1 1 1 1 1 1 1 1 1 1 0 1 1 1 1 1 0 1 1 1 1 1 1 1 1 1 1 1 1 1 1 1 1 1 1 1 1 1 1 1 1 
0 x 1 1 1 1 1 1 1 1 1 1 1 1 1 1 1 1 0 1 1 1 1 1 1 1 0 1 1 1 1 1 1 1 1 1 1 1 1 1 1 1 0 1 0 1 1 1 1 1 1 1 1 1 1 1 1 1 1 1 
1 x 1 1 1 1 1 1 1 1 0 1 1 1 1 1 1 1 1 1 0 1 1 1 0 1 1 1 1 1 1 1 1 1 1 1 0 1 1 0 1 1 1 1 1 1 1 1 1 1 1 1 1 1 1 1 0 1 1 1 
1 x 1 1 1 1 1 0 1 1 1 1 1 1 1 1 1 0 1 1 1 1 0 1 1 1 1 1 1 0 1 0 1 1 1 1 1 1 1 1 1 0 1 1 1 0 1 1 1 0 1 1 1 1 1 1 1 1 1 1 
1 x 1 1 1 0 1 1 1 0 1 1 1 0 1 1 1 1 1 1 1 1 1 1 0 1 1 1 1 1 1 1 1 1 1 1 1 1 1 1 1 1 1 1 1 1 1 1 1 1 1 0 1 1 1 1 1 1 1 1 
1 x 1 1 1 1 1 1 1 1 1 1 1 1 1 1 1 1 1 1 0 1 1 1 1 1 1 1 1 1 1 0 1 1 1 1 0 1 0 1 1 1 1 1 1 0 1 1 1 1 1 1 1 1 0 1 1 1 0 1 
1 x 1 1 0 1 1 1 1 1 1 1 1 0 1 1 1 1 0 1 1 1 1 0 1 1 1 1 1 1 1 1 1 1 1 1 1 1 1 1 0 1 1 1 1 1 1 1 1 1 1 1 1 1 1 1 1 1 1 1 
1 x 1 1 1 1 1 1 1 1 0 1 1 1 1 1 0 1 1 1 1 1 1 1 1 1 1 1 1 0 1 0 1 1 1 1 1 1 1 1 1 1 0 1 1 1 1 1 1 1 1 0 1 1 1 1 1 1 0 1 
1 x 1 1 1 1 1 0 1 1 1 1 1 0 1 1 1 1 1 1 1 1 1 1 1 1 1 1 1 1 1 1 1 0 1 1 1 1 0 1 0 1 1 1 1 1 0 1 0 1 1 1 1 1 1 1 1 1 1 1 
1 x 1 1 1 0 1 1 1 1 1 1 1 1 1 0 1 1 1 0 1 0 1 1 1 0 1 1 1 0 1 1 1 1 1 1 1 1 1 1 1 1 0 1 1 1 1 1 1 1 1 1 1 1 1 1 1 1 1 1 
1 x 1 1 1 1 1 1 1 1 1 1 1 1 1 1 1 0 1 1 1 1 1 1 1 1 1 1 1 1 1 1 1 1 1 1 1 1 1 1 1 1 1 1 0 1 1 1 1 0 1 1 1 1 1 1 1 1 1 1 
0 x 1 1 1 1 1 1 0 1 1 1 1 1 1 1 1 1 1 0 1 1 1 1 1 1 1 1 1 0 1 1 0 1 1 1 1 1 1 1 1 1 0 1 1 1 1 1 1 1 1 1 1 1 1 1 1 1 0 1 
x x 1 0 1 1 0 1 1 1 1 0 1 1 0 1 0 1 1 1 1 1 1 1 1 1 1 1 1 1 1 1 1 1 1 1 1 1 1 1 1 1 1 1 0 1 1 1 1 1 1 1 1 1 1 1 1 1 1 1 
x 1 1 1 1 1 1 1 1 1 1 1 1 1 1 1 1 1 1 1 1 1 0 1 1 1 1 1 1 1 1 0 1 0 1 1 1 1 1 1 1 1 0 1 1 1 1 0 1 0 1 1 1 0 1 1 1 1 0 1 
x 0 1 1 1 1 1 1 1 1 0 1 0 1 0 1 1 1 1 1 1 1 1 1 1 1 1 1 1 1 1 1 1 1 1 1 1 1 0 1 1 1 1 1 1 1 1 1 1 1 1 1 1 1 1 1 0 1 1 1 
x 1 1 1 1 1 1 0 1 1 1 1 1 1 1 1 0 1 1 1 1 0 1 1 1 1 0 1 1 1 0 1 1 1 1 1 1 1 1 1 1 1 1 1 0 1 0 1 1 1 1 1 1 1 1 1 1 1 1 1 
x 1 1 1 1 1 1 1 1 1 1 1 1 0 1 1 1 1 1 1 1 1 1 1 1 1 1 1 1 1 1 1 1 1 1 0 1 1 1 0 1 1 0 1 1 1 1 1 1 1 1 1 1 1 1 0 1 1 0 1 
x 1 1 1 1 1 1 1 1 1 1 1 1 1 1 1 1 1 1 1 1 1 0 1 1 1 0 1 1 1 1 1 1 1 1 1 1 1 1 1 1 1 1 1 1 0 1 1 1 1 1 1 1 1 1 1 1 1 1 1 

******************** Politica 3 - DeterministicGoalState - LAO *********************
(1, 1)
(61, 1)
(121, 1)
(181, 1)
(241, 1)
(301, 3)
(302, 1)
(362, 1)
(422, 1)
(482, 1)
(542, 1)
(602, 1)
(662, 1)
(722, 1)
(782, 1)
(842, 1)
(902, 1)
(962, 1)
(1022, 1)
(1082, 3)
(1083, 1)
(1143, 1)
(1203, 1)
(1263, 1)
(1323, 1)
(1383, 1)
(1443, 1)
(1503, 3)
(1504, 1)
(1564, 1)
(1624, 1)
(1684, 1)
(1744, 1)
(1804, 1)
(1864, 1)
(1924, 1)
(1984, 1)
(2044, 1)
(2104, 1)
(2164, 1)
(2224, 1)
(2284, 1)
(2344, 1)
(2404, 1)
(2464, 1)
(2524, 1)
(2584, 1)
(2644, 1)
(2704, 1)
(2764, 1)
(2824, 1)
(2884, 1)
(2944, 3)
(2945, 1)
(3005, 1)
(3065, 1)
(3125, 3)
(3126, 1)
(3186, 3)
(3187, 3)
(3188, 3)
(3189, 1)
(3249, 3)
(3250, 3)
(3251, 3)
(3252, 3)
(3253, 3)
(3254, 1)
(3314, 3)
(3315, 3)
(3316, 3)
(3317, 3)
(3318, 3)
(3319, 3)
(3320, 3)
(3321, 3)
(3322, 3)
(3323, 3)
(3324, 3)
(3325, 1)
(3385, 3)
(3386, 3)
(3387, 1)
(3447, 3)
(3448, 3)
(3449, 3)
(3450, 3)
(3451, 3)
(3452, 3)
(3453, 3)
(3454, 3)
(3455, 1)
(3515, 3)
(3516, 3)
(3517, 3)
(3518, 3)
(3519, 3)
(3520, 3)
(3521, 3)
(3522, 3)
(3523, 3)
(3524, 3)
(3525, 1)
(3585, 3)
(3586, 3)
(3587, 3)
(3588, 3)
(3589, 3)
(3590, 3)
(3591, 3)
(3592, 3)
(3593, 3)
(3594, 3)
(3595, 3)
(3596, 3)
(3597, 3)
(3598, 3)
(3599, 3)
(3600, 0)

******************** Valor 3 - DeterministicGoalState - LAO *********************
1: 90.55744031322416
2: 90.3670875944801
3: 90.17277743170747
4: 89.97445759072701
5: 89.77206896905903
6: 89.5655463329729
7: 89.35481905271863
8: 89.13981178896783
9: 88.92044510128845
10: 88.69663596425747
11: 88.46829818810522
12: 88.23534274863046
13: 87.99767803592734
14: 87.75521003381195
15: 87.50784244236516
16: 87.25547675533006
17: 86.99801230272192
18: 86.73534626732211
19: 86.46737368200604
20: 86.19398741327063
21: 85.9150781349668
22: 85.63053429513623
23: 0.0
24: 85.04408536242923
25: 84.74194567801466
26: 84.43370215901723
27: 0.0
28: 83.79840789142239
29: 83.4711030006562
30: 83.1371858897088
31: 82.79652297846022
32: 82.44897798815848
33: 82.09441188692382
34: 81.73268283414095
35: 81.36364612372239
36: 80.98715412622306
37: 80.60305622978362
38: 80.21119877988046
39: 79.81142501785794
40: 79.40357501821873
41: 78.9874856246474
42: 78.56299038474128
43: 78.12991948342292
44: 77.68809967500724
45: 77.23735421389628
46: 0.0
47: 76.30836142597246
48: 75.82974246488101
49: 75.3414544338685
50: 74.84330199818908
51: 74.33508587694038
52: 73.81660276334321
53: 73.28764524341076
54: 73.81660276334321
55: 73.28764524341076
56: 72.74800171297463
57: 72.19745629303472
58: 71.63578874339905
59: 72.19745629303472
60: 71.63578874339905
61: 90.3670875944801
62: 90.17277743170747
63: 89.97445759072701
64: 89.77206896905903
65: 89.5655463329729
66: 89.35481905271863
67: 89.13981178896783
68: 88.92044510128845
69: 88.69663596425747
70: 88.46829818810522
71: 88.23534274863046
72: 87.99767803592734
73: 87.75521003381195
74: 0.0
75: 87.25547675533006
76: 86.99801230272192
77: 86.73534626732211
78: 86.46737368200604
79: 86.19398741327063
80: 85.9150781349668
81: 85.63053429513623
82: 85.34024207799095
83: 85.04408536242923
84: 84.74194567801466
85: 84.43370215901723
86: 84.11923149689213
87: 83.79840789142239
88: 83.4711030006562
89: 83.1371858897088
90: 82.79652297846022
91: 82.44897798815848
92: 82.09441188692382
93: 81.73268283414095
94: 81.36364612372239
95: 80.98715412622306
96: 0.0
97: 80.21119877988046
98: 79.81142501785794
99: 79.40357501821873
100: 0.0
101: 78.56299038474128
102: 78.12991948342292
103: 0.0
104: 77.23735421389628
105: 76.77750278387398
106: 76.30836142597246
107: 75.82974246488101
108: 75.3414544338685
109: 74.84330199818908
110: 74.33508587694038
111: 73.81660276334321
112: 73.28764524341076
113: 72.74800171297463
114: 73.28764524341076
115: 72.74800171297463
116: 0.0
117: 71.63578874339905
118: 71.06277437457882
119: 0.0
120: 71.06277437457882
121: 90.17277743170747
122: 89.97445759072701
123: 89.77206896905903
124: 89.5655463329729
125: 89.35481905271863
126: 89.13981178896783
127: 88.92044510128845
128: 0.0
129: 88.46829818810522
130: 88.23534274863046
131: 87.99767803592734
132: 87.75521003381195
133: 87.50784244236516
134: 87.25547675533006
135: 86.99801230272192
136: 86.73534626732211
137: 0.0
138: 86.19398741327063
139: 85.9150781349668
140: 85.63053429513623
141: 85.34024207799095
142: 0.0
143: 84.74194567801466
144: 84.43370215901723
145: 84.11923149689213
146: 83.79840789142239
147: 0.0
148: 83.1371858897088
149: 82.79652297846022
150: 82.44897798815848
151: 0.0
152: 81.73268283414095
153: 81.36364612372239
154: 80.98715412622306
155: 80.60305622978362
156: 80.21119877988046
157: 79.81142501785794
158: 79.40357501821873
159: 78.9874856246474
160: 78.56299038474128
161: 78.12991948342292
162: 77.68809967500724
163: 77.23735421389628
164: 76.77750278387398
165: 0.0
166: 75.82974246488101
167: 0.0
168: 74.84330199818908
169: 74.33508587694038
170: 73.81660276334321
171: 73.28764524341076
172: 72.74800171297463
173: 72.19745629303472
174: 72.74800171297463
175: 72.19745629303472
176: 71.63578874339905
177: 71.06277437457882
178: 70.47818395790367
179: 71.06277437457882
180: 70.47818395790367
181: 89.97445759072701
182: 0.0
183: 89.5655463329729
184: 89.35481905271863
185: 89.13981178896783
186: 88.92044510128845
187: 88.69663596425747
188: 88.46829818810522
189: 88.23534274863046
190: 87.99767803592734
191: 0.0
192: 87.50784244236516
193: 0.0
194: 86.99801230272192
195: 0.0
196: 86.46737368200604
197: 86.19398741327063
198: 85.9150781349668
199: 85.63053429513623
200: 85.34024207799095
201: 85.04408536242923
202: 84.74194567801466
203: 84.43370215901723
204: 84.11923149689213
205: 83.79840789142239
206: 83.4711030006562
207: 83.1371858897088
208: 82.79652297846022
209: 82.44897798815848
210: 82.09441188692382
211: 81.73268283414095
212: 81.36364612372239
213: 80.98715412622306
214: 80.60305622978362
215: 80.21119877988046
216: 79.81142501785794
217: 79.40357501821873
218: 78.9874856246474
219: 0.0
220: 78.12991948342292
221: 77.68809967500724
222: 77.23735421389628
223: 76.77750278387398
224: 76.30836142597246
225: 75.82974246488101
226: 75.3414544338685
227: 74.84330199818908
228: 74.33508587694038
229: 73.81660276334321
230: 73.28764524341076
231: 72.74800171297463
232: 72.19745629303472
233: 71.63578874339905
234: 72.19745629303472
235: 71.63578874339905
236: 71.06277437457882
237: 0.0
238: 69.88178363382093
239: 70.47818395790367
240: 69.88178363382093
241: 89.77206896905903
242: 89.5655463329729
243: 89.35481905271863
244: 89.13981178896783
245: 88.92044510128845
246: 88.69663596425747
247: 88.46829818810522
248: 88.23534274863046
249: 87.99767803592734
250: 87.75521003381195
251: 87.50784244236516
252: 87.25547675533006
253: 86.99801230272192
254: 86.73534626732211
255: 86.46737368200604
256: 86.19398741327063
257: 85.9150781349668
258: 85.63053429513623
259: 85.34024207799095
260: 85.04408536242923
261: 84.74194567801466
262: 84.43370215901723
263: 0.0
264: 83.79840789142239
265: 83.4711030006562
266: 83.1371858897088
267: 82.79652297846022
268: 82.44897798815848
269: 82.09441188692382
270: 81.73268283414095
271: 81.36364612372239
272: 0.0
273: 80.60305622978362
274: 0.0
275: 79.81142501785794
276: 79.40357501821873
277: 78.9874856246474
278: 78.56299038474128
279: 78.12991948342292
280: 77.68809967500724
281: 77.23735421389628
282: 76.77750278387398
283: 0.0
284: 75.82974246488101
285: 75.3414544338685
286: 74.84330199818908
287: 74.33508587694038
288: 0.0
289: 73.28764524341076
290: 0.0
291: 72.19745629303472
292: 71.63578874339905
293: 71.06277437457882
294: 0.0
295: 71.06277437457882
296: 70.47818395790367
297: 69.88178363382093
298: 69.27333481834256
299: 0.0
300: 69.27333481834256
301: 89.5655463329729
302: 89.35481905271863
303: 89.13981178896783
304: 0.0
305: 88.69663596425747
306: 88.46829818810522
307: 0.0
308: 87.99767803592734
309: 87.75521003381195
310: 87.50784244236516
311: 87.25547675533006
312: 0.0
313: 86.73534626732211
314: 86.46737368200604
315: 0.0
316: 85.9150781349668
317: 0.0
318: 85.34024207799095
319: 85.04408536242923
320: 84.74194567801466
321: 84.43370215901723
322: 84.11923149689213
323: 83.79840789142239
324: 83.4711030006562
325: 83.1371858897088
326: 82.79652297846022
327: 82.44897798815848
328: 82.09441188692382
329: 81.73268283414095
330: 81.36364612372239
331: 80.98715412622306
332: 80.60305622978362
333: 80.21119877988046
334: 79.81142501785794
335: 79.40357501821873
336: 78.9874856246474
337: 78.56299038474128
338: 78.12991948342292
339: 77.68809967500724
340: 77.23735421389628
341: 76.77750278387398
342: 76.30836142597246
343: 75.82974246488101
344: 75.3414544338685
345: 0.0
346: 74.33508587694038
347: 73.81660276334321
348: 73.28764524341076
349: 72.74800171297463
350: 72.19745629303472
351: 71.63578874339905
352: 71.06277437457882
353: 70.47818395790367
354: 69.88178363382093
355: 70.47818395790367
356: 69.88178363382093
357: 69.27333481834256
358: 68.65259410760203
359: 69.27333481834256
360: 68.65259410760203
361: 0.0
362: 89.13981178896783
363: 88.92044510128845
364: 88.69663596425747
365: 88.46829818810522
366: 88.23534274863046
367: 87.99767803592734
368: 87.75521003381195
369: 0.0
370: 87.25547675533006
371: 86.99801230272192
372: 86.73534626732211
373: 86.46737368200604
374: 86.19398741327063
375: 85.9150781349668
376: 85.63053429513623
377: 85.34024207799095
378: 85.04408536242923
379: 84.74194567801466
380: 0.0
381: 84.11923149689213
382: 83.79840789142239
383: 83.4711030006562
384: 83.1371858897088
385: 82.79652297846022
386: 82.44897798815848
387: 82.09441188692382
388: 81.73268283414095
389: 81.36364612372239
390: 0.0
391: 80.60305622978362
392: 80.21119877988046
393: 0.0
394: 79.40357501821873
395: 78.9874856246474
396: 78.56299038474128
397: 78.12991948342292
398: 77.68809967500724
399: 77.23735421389628
400: 76.77750278387398
401: 76.30836142597246
402: 75.82974246488101
403: 0.0
404: 74.84330199818908
405: 74.33508587694038
406: 73.81660276334321
407: 73.28764524341076
408: 72.74800171297463
409: 72.19745629303472
410: 71.63578874339905
411: 71.06277437457882
412: 70.47818395790367
413: 69.88178363382093
414: 69.27333481834256
415: 69.88178363382093
416: 69.27333481834256
417: 68.65259410760203
418: 68.0193131804829
419: 0.0
420: 68.0193131804829
421: 89.13981178896783
422: 88.92044510128845
423: 88.69663596425747
424: 88.46829818810522
425: 88.23534274863046
426: 87.99767803592734
427: 87.75521003381195
428: 87.50784244236516
429: 87.25547675533006
430: 86.99801230272192
431: 86.73534626732211
432: 86.46737368200604
433: 86.19398741327063
434: 85.9150781349668
435: 85.63053429513623
436: 85.34024207799095
437: 85.04408536242923
438: 0.0
439: 84.43370215901723
440: 84.11923149689213
441: 83.79840789142239
442: 83.4711030006562
443: 83.1371858897088
444: 82.79652297846022
445: 82.44897798815848
446: 82.09441188692382
447: 81.73268283414095
448: 81.36364612372239
449: 80.98715412622306
450: 80.60305622978362
451: 80.21119877988046
452: 79.81142501785794
453: 79.40357501821873
454: 78.9874856246474
455: 78.56299038474128
456: 78.12991948342292
457: 77.68809967500724
458: 77.23735421389628
459: 76.77750278387398
460: 76.30836142597246
461: 75.82974246488101
462: 75.3414544338685
463: 74.84330199818908
464: 74.33508587694038
465: 0.0
466: 73.28764524341076
467: 72.74800171297463
468: 72.19745629303472
469: 71.63578874339905
470: 0.0
471: 70.47818395790367
472: 69.88178363382093
473: 69.27333481834256
474: 68.65259410760203
475: 69.27333481834256
476: 68.65259410760203
477: 68.0193131804829
478: 67.37323869928053
479: 68.0193131804829
480: 67.37323869928053
481: 88.92044510128845
482: 88.69663596425747
483: 88.46829818810522
484: 88.23534274863046
485: 87.99767803592734
486: 0.0
487: 87.50784244236516
488: 87.25547675533006
489: 86.99801230272192
490: 86.73534626732211
491: 86.46737368200604
492: 86.19398741327063
493: 85.9150781349668
494: 85.63053429513623
495: 85.34024207799095
496: 0.0
497: 84.74194567801466
498: 84.43370215901723
499: 84.11923149689213
500: 0.0
501: 83.4711030006562
502: 0.0
503: 82.79652297846022
504: 82.44897798815848
505: 82.09441188692382
506: 0.0
507: 81.36364612372239
508: 80.98715412622306
509: 80.60305622978362
510: 0.0
511: 79.81142501785794
512: 79.40357501821873
513: 78.9874856246474
514: 78.56299038474128
515: 78.12991948342292
516: 77.68809967500724
517: 77.23735421389628
518: 76.77750278387398
519: 76.30836142597246
520: 75.82974246488101
521: 75.3414544338685
522: 74.84330199818908
523: 0.0
524: 73.81660276334321
525: 73.28764524341076
526: 72.74800171297463
527: 72.19745629303472
528: 71.63578874339905
529: 71.06277437457882
530: 70.47818395790367
531: 69.88178363382093
532: 69.27333481834256
533: 68.65259410760203
534: 68.0193131804829
535: 68.65259410760203
536: 68.0193131804829
537: 67.37323869928053
538: 66.71411220835691
539: 67.37323869928053
540: 66.71411220835691
541: 88.69663596425747
542: 88.46829818810522
543: 88.23534274863046
544: 87.99767803592734
545: 87.75521003381195
546: 87.50784244236516
547: 87.25547675533006
548: 0.0
549: 86.73534626732211
550: 86.46737368200604
551: 86.19398741327063
552: 85.9150781349668
553: 85.63053429513623
554: 0.0
555: 85.04408536242923
556: 84.74194567801466
557: 84.43370215901723
558: 84.11923149689213
559: 83.79840789142239
560: 83.4711030006562
561: 83.1371858897088
562: 82.79652297846022
563: 82.44897798815848
564: 82.09441188692382
565: 81.73268283414095
566: 81.36364612372239
567: 80.98715412622306
568: 80.60305622978362
569: 80.21119877988046
570: 79.81142501785794
571: 79.40357501821873
572: 78.9874856246474
573: 78.56299038474128
574: 0.0
575: 77.68809967500724
576: 77.23735421389628
577: 76.77750278387398
578: 76.30836142597246
579: 0.0
580: 75.3414544338685
581: 0.0
582: 74.33508587694038
583: 73.81660276334321
584: 73.28764524341076
585: 72.74800171297463
586: 72.19745629303472
587: 0.0
588: 71.06277437457882
589: 0.0
590: 69.88178363382093
591: 69.27333481834256
592: 68.65259410760203
593: 68.0193131804829
594: 67.37323869928053
595: 68.0193131804829
596: 67.37323869928053
597: 66.71411220835691
598: 66.04167003074795
599: 66.71411220835691
600: 66.04167003074795
601: 88.46829818810522
602: 88.23534274863046
603: 87.99767803592734
604: 87.75521003381195
605: 87.50784244236516
606: 87.25547675533006
607: 86.99801230272192
608: 86.73534626732211
609: 86.46737368200604
610: 86.19398741327063
611: 0.0
612: 85.63053429513623
613: 85.34024207799095
614: 85.04408536242923
615: 84.74194567801466
616: 84.43370215901723
617: 0.0
618: 83.79840789142239
619: 83.4711030006562
620: 83.1371858897088
621: 82.79652297846022
622: 82.44897798815848
623: 82.09441188692382
624: 81.73268283414095
625: 81.36364612372239
626: 80.98715412622306
627: 80.60305622978362
628: 80.21119877988046
629: 79.81142501785794
630: 0.0
631: 78.9874856246474
632: 0.0
633: 78.12991948342292
634: 77.68809967500724
635: 77.23735421389628
636: 76.77750278387398
637: 76.30836142597246
638: 75.82974246488101
639: 75.3414544338685
640: 74.84330199818908
641: 74.33508587694038
642: 73.81660276334321
643: 0.0
644: 72.74800171297463
645: 72.19745629303472
646: 71.63578874339905
647: 71.06277437457882
648: 70.47818395790367
649: 69.88178363382093
650: 69.27333481834256
651: 68.65259410760203
652: 0.0
653: 67.37323869928053
654: 66.71411220835691
655: 67.37323869928053
656: 66.71411220835691
657: 66.04167003074795
658: 65.35564316268227
659: 0.0
660: 65.35564316268227
661: 88.23534274863046
662: 87.99767803592734
663: 87.75521003381195
664: 87.50784244236516
665: 0.0
666: 86.99801230272192
667: 86.73534626732211
668: 86.46737368200604
669: 86.19398741327063
670: 85.9150781349668
671: 85.63053429513623
672: 85.34024207799095
673: 85.04408536242923
674: 0.0
675: 84.43370215901723
676: 84.11923149689213
677: 83.79840789142239
678: 83.4711030006562
679: 0.0
680: 82.79652297846022
681: 82.44897798815848
682: 82.09441188692382
683: 81.73268283414095
684: 0.0
685: 80.98715412622306
686: 80.60305622978362
687: 80.21119877988046
688: 79.81142501785794
689: 79.40357501821873
690: 78.9874856246474
691: 78.56299038474128
692: 78.12991948342292
693: 77.68809967500724
694: 77.23735421389628
695: 76.77750278387398
696: 76.30836142597246
697: 75.82974246488101
698: 75.3414544338685
699: 74.84330199818908
700: 74.33508587694038
701: 0.0
702: 73.28764524341076
703: 72.74800171297463
704: 72.19745629303472
705: 71.63578874339905
706: 71.06277437457882
707: 70.47818395790367
708: 69.88178363382093
709: 69.27333481834256
710: 68.65259410760203
711: 68.0193131804829
712: 67.37323869928053
713: 66.71411220835691
714: 66.04167003074795
715: 66.71411220835691
716: 66.04167003074795
717: 65.35564316268227
718: 64.6557571659688
719: 65.35564316268227
720: 64.6557571659688
721: 87.99767803592734
722: 87.75521003381195
723: 87.50784244236516
724: 87.25547675533006
725: 86.99801230272192
726: 86.73534626732211
727: 86.46737368200604
728: 86.19398741327063
729: 85.9150781349668
730: 85.63053429513623
731: 85.34024207799095
732: 85.04408536242923
733: 84.74194567801466
734: 84.43370215901723
735: 84.11923149689213
736: 83.79840789142239
737: 83.4711030006562
738: 83.1371858897088
739: 82.79652297846022
740: 82.44897798815848
741: 0.0
742: 81.73268283414095
743: 81.36364612372239
744: 80.98715412622306
745: 80.60305622978362
746: 80.21119877988046
747: 79.81142501785794
748: 79.40357501821873
749: 78.9874856246474
750: 78.56299038474128
751: 78.12991948342292
752: 0.0
753: 77.23735421389628
754: 76.77750278387398
755: 76.30836142597246
756: 75.82974246488101
757: 0.0
758: 74.84330199818908
759: 0.0
760: 73.81660276334321
761: 73.28764524341076
762: 72.74800171297463
763: 72.19745629303472
764: 71.63578874339905
765: 71.06277437457882
766: 0.0
767: 69.88178363382093
768: 69.27333481834256
769: 68.65259410760203
770: 68.0193131804829
771: 67.37323869928053
772: 66.71411220835691
773: 66.04167003074795
774: 65.35564316268227
775: 0.0
776: 65.35564316268227
777: 64.6557571659688
778: 63.94173205821059
779: 0.0
780: 63.94173205821059
781: 87.75521003381195
782: 87.50784244236516
783: 87.25547675533006
784: 86.99801230272192
785: 86.73534626732211
786: 0.0
787: 86.19398741327063
788: 85.9150781349668
789: 85.63053429513623
790: 0.0
791: 85.04408536242923
792: 84.74194567801466
793: 84.43370215901723
794: 0.0
795: 83.79840789142239
796: 83.4711030006562
797: 83.1371858897088
798: 82.79652297846022
799: 82.44897798815848
800: 82.09441188692382
801: 81.73268283414095
802: 81.36364612372239
803: 80.98715412622306
804: 80.60305622978362
805: 0.0
806: 79.81142501785794
807: 79.40357501821873
808: 78.9874856246474
809: 78.56299038474128
810: 78.12991948342292
811: 77.68809967500724
812: 77.23735421389628
813: 76.77750278387398
814: 76.30836142597246
815: 75.82974246488101
816: 75.3414544338685
817: 74.84330199818908
818: 74.33508587694038
819: 73.81660276334321
820: 73.28764524341076
821: 72.74800171297463
822: 72.19745629303472
823: 71.63578874339905
824: 71.06277437457882
825: 70.47818395790367
826: 69.88178363382093
827: 69.27333481834256
828: 68.65259410760203
829: 68.0193131804829
830: 67.37323869928053
831: 66.71411220835691
832: 0.0
833: 65.35564316268227
834: 64.6557571659688
835: 63.94173205821059
836: 64.6557571659688
837: 63.94173205821059
838: 63.21328220080072
839: 62.47011618465528
840: 63.21328220080072
841: 87.50784244236516
842: 87.25547675533006
843: 86.99801230272192
844: 86.73534626732211
845: 86.46737368200604
846: 86.19398741327063
847: 85.9150781349668
848: 0.0
849: 85.34024207799095
850: 85.04408536242923
851: 84.74194567801466
852: 84.43370215901723
853: 84.11923149689213
854: 83.79840789142239
855: 83.4711030006562
856: 83.1371858897088
857: 82.79652297846022
858: 0.0
859: 82.09441188692382
860: 81.73268283414095
861: 81.36364612372239
862: 80.98715412622306
863: 0.0
864: 80.21119877988046
865: 79.81142501785794
866: 79.40357501821873
867: 78.9874856246474
868: 78.56299038474128
869: 78.12991948342292
870: 0.0
871: 77.23735421389628
872: 0.0
873: 76.30836142597246
874: 75.82974246488101
875: 75.3414544338685
876: 74.84330199818908
877: 74.33508587694038
878: 73.81660276334321
879: 73.28764524341076
880: 72.74800171297463
881: 72.19745629303472
882: 0.0
883: 71.06277437457882
884: 70.47818395790367
885: 69.88178363382093
886: 0.0
887: 68.65259410760203
888: 68.0193131804829
889: 67.37323869928053
890: 0.0
891: 66.04167003074795
892: 65.35564316268227
893: 64.6557571659688
894: 63.94173205821059
895: 63.21328220080072
896: 63.94173205821059
897: 63.21328220080072
898: 62.47011618465528
899: 61.711936713638224
900: 62.47011618465528
901: 87.25547675533006
902: 86.99801230272192
903: 86.73534626732211
904: 86.46737368200604
905: 86.19398741327063
906: 85.9150781349668
907: 85.63053429513623
908: 85.34024207799095
909: 85.04408536242923
910: 84.74194567801466
911: 0.0
912: 84.11923149689213
913: 83.79840789142239
914: 83.4711030006562
915: 83.1371858897088
916: 82.79652297846022
917: 82.44897798815848
918: 82.09441188692382
919: 81.73268283414095
920: 81.36364612372239
921: 0.0
922: 80.60305622978362
923: 80.21119877988046
924: 79.81142501785794
925: 0.0
926: 78.9874856246474
927: 78.56299038474128
928: 78.12991948342292
929: 77.68809967500724
930: 77.23735421389628
931: 76.77750278387398
932: 76.30836142597246
933: 75.82974246488101
934: 75.3414544338685
935: 74.84330199818908
936: 74.33508587694038
937: 0.0
938: 73.28764524341076
939: 72.74800171297463
940: 0.0
941: 71.63578874339905
942: 71.06277437457882
943: 70.47818395790367
944: 69.88178363382093
945: 69.27333481834256
946: 68.65259410760203
947: 68.0193131804829
948: 67.37323869928053
949: 66.71411220835691
950: 66.04167003074795
951: 65.35564316268227
952: 64.6557571659688
953: 63.94173205821059
954: 63.21328220080072
955: 62.47011618465528
956: 63.21328220080072
957: 0.0
958: 61.711936713638224
959: 60.93844048563092
960: 61.711936713638224
961: 0.0
962: 86.73534626732211
963: 86.46737368200604
964: 86.19398741327063
965: 85.9150781349668
966: 85.63053429513623
967: 85.34024207799095
968: 85.04408536242923
969: 84.74194567801466
970: 84.43370215901723
971: 84.11923149689213
972: 83.79840789142239
973: 83.4711030006562
974: 83.1371858897088
975: 82.79652297846022
976: 82.44897798815848
977: 82.09441188692382
978: 81.73268283414095
979: 0.0
980: 80.98715412622306
981: 80.60305622978362
982: 80.21119877988046
983: 79.81142501785794
984: 79.40357501821873
985: 78.9874856246474
986: 78.56299038474128
987: 0.0
988: 77.68809967500724
989: 77.23735421389628
990: 76.77750278387398
991: 76.30836142597246
992: 75.82974246488101
993: 75.3414544338685
994: 74.84330199818908
995: 74.33508587694038
996: 73.81660276334321
997: 73.28764524341076
998: 72.74800171297463
999: 72.19745629303472
1000: 71.63578874339905
1001: 71.06277437457882
1002: 70.47818395790367
1003: 0.0
1004: 69.27333481834256
1005: 0.0
1006: 68.0193131804829
1007: 67.37323869928053
1008: 66.71411220835691
1009: 66.04167003074795
1010: 65.35564316268227
1011: 64.6557571659688
1012: 63.94173205821059
1013: 63.21328220080072
1014: 62.47011618465528
1015: 61.711936713638224
1016: 62.47011618465528
1017: 61.711936713638224
1018: 60.93844048563092
1019: 60.14931807119922
1020: 60.93844048563092
1021: 86.73534626732211
1022: 86.46737368200604
1023: 86.19398741327063
1024: 0.0
1025: 85.63053429513623
1026: 85.34024207799095
1027: 85.04408536242923
1028: 84.74194567801466
1029: 84.43370215901723
1030: 84.11923149689213
1031: 83.79840789142239
1032: 83.4711030006562
1033: 83.1371858897088
1034: 0.0
1035: 82.44897798815848
1036: 82.09441188692382
1037: 81.73268283414095
1038: 81.36364612372239
1039: 80.98715412622306
1040: 80.60305622978362
1041: 80.21119877988046
1042: 79.81142501785794
1043: 79.40357501821873
1044: 78.9874856246474
1045: 78.56299038474128
1046: 78.12991948342292
1047: 77.68809967500724
1048: 77.23735421389628
1049: 76.77750278387398
1050: 0.0
1051: 75.82974246488101
1052: 75.3414544338685
1053: 74.84330199818908
1054: 74.33508587694038
1055: 73.81660276334321
1056: 0.0
1057: 72.74800171297463
1058: 72.19745629303472
1059: 71.63578874339905
1060: 71.06277437457882
1061: 70.47818395790367
1062: 69.88178363382093
1063: 69.27333481834256
1064: 68.65259410760203
1065: 68.0193131804829
1066: 67.37323869928053
1067: 66.71411220835691
1068: 66.04167003074795
1069: 65.35564316268227
1070: 64.6557571659688
1071: 63.94173205821059
1072: 63.21328220080072
1073: 62.47011618465528
1074: 61.711936713638224
1075: 60.93844048563092
1076: 61.711936713638224
1077: 60.93844048563092
1078: 60.14931807119922
1079: 59.3442537898093
1080: 60.14931807119922
1081: 86.46737368200604
1082: 86.19398741327063
1083: 85.9150781349668
1084: 85.63053429513623
1085: 85.34024207799095
1086: 0.0
1087: 84.74194567801466
1088: 84.43370215901723
1089: 84.11923149689213
1090: 83.79840789142239
1091: 83.4711030006562
1092: 83.1371858897088
1093: 82.79652297846022
1094: 82.44897798815848
1095: 82.09441188692382
1096: 81.73268283414095
1097: 81.36364612372239
1098: 80.98715412622306
1099: 0.0
1100: 80.21119877988046
1101: 79.81142501785794
1102: 79.40357501821873
1103: 78.9874856246474
1104: 78.56299038474128
1105: 78.12991948342292
1106: 77.68809967500724
1107: 77.23735421389628
1108: 0.0
1109: 76.30836142597246
1110: 75.82974246488101
1111: 75.3414544338685
1112: 74.84330199818908
1113: 74.33508587694038
1114: 73.81660276334321
1115: 73.28764524341076
1116: 72.74800171297463
1117: 72.19745629303472
1118: 71.63578874339905
1119: 71.06277437457882
1120: 70.47818395790367
1121: 69.88178363382093
1122: 0.0
1123: 68.65259410760203
1124: 0.0
1125: 67.37323869928053
1126: 0.0
1127: 66.04167003074795
1128: 0.0
1129: 64.6557571659688
1130: 0.0
1131: 63.21328220080072
1132: 62.47011618465528
1133: 61.711936713638224
1134: 60.93844048563092
1135: 60.14931807119922
1136: 60.93844048563092
1137: 60.14931807119922
1138: 59.3442537898093
1139: 58.52292558354283
1140: 0.0
1141: 86.19398741327063
1142: 0.0
1143: 85.63053429513623
1144: 85.34024207799095
1145: 85.04408536242923
1146: 84.74194567801466
1147: 84.43370215901723
1148: 84.11923149689213
1149: 83.79840789142239
1150: 83.4711030006562
1151: 0.0
1152: 82.79652297846022
1153: 82.44897798815848
1154: 82.09441188692382
1155: 81.73268283414095
1156: 81.36364612372239
1157: 80.98715412622306
1158: 80.60305622978362
1159: 80.21119877988046
1160: 79.81142501785794
1161: 79.40357501821873
1162: 0.0
1163: 78.56299038474128
1164: 78.12991948342292
1165: 77.68809967500724
1166: 77.23735421389628
1167: 76.77750278387398
1168: 76.30836142597246
1169: 75.82974246488101
1170: 75.3414544338685
1171: 74.84330199818908
1172: 0.0
1173: 73.81660276334321
1174: 73.28764524341076
1175: 72.74800171297463
1176: 72.19745629303472
1177: 71.63578874339905
1178: 71.06277437457882
1179: 70.47818395790367
1180: 0.0
1181: 69.27333481834256
1182: 68.65259410760203
1183: 68.0193131804829
1184: 67.37323869928053
1185: 66.71411220835691
1186: 66.04167003074795
1187: 65.35564316268227
1188: 64.6557571659688
1189: 63.94173205821059
1190: 63.21328220080072
1191: 62.47011618465528
1192: 61.711936713638224
1193: 60.93844048563092
1194: 60.14931807119922
1195: 59.3442537898093
1196: 0.0
1197: 59.3442537898093
1198: 58.52292558354283
1199: 57.68500488826088
1200: 56.83015650216514
1201: 85.9150781349668
1202: 85.63053429513623
1203: 85.34024207799095
1204: 0.0
1205: 84.74194567801466
1206: 84.43370215901723
1207: 0.0
1208: 83.79840789142239
1209: 83.4711030006562
1210: 83.1371858897088
1211: 82.79652297846022
1212: 82.44897798815848
1213: 82.09441188692382
1214: 81.73268283414095
1215: 81.36364612372239
1216: 80.98715412622306
1217: 0.0
1218: 80.21119877988046
1219: 79.81142501785794
1220: 79.40357501821873
1221: 78.9874856246474
1222: 78.56299038474128
1223: 78.12991948342292
1224: 77.68809967500724
1225: 0.0
1226: 76.77750278387398
1227: 76.30836142597246
1228: 75.82974246488101
1229: 75.3414544338685
1230: 74.84330199818908
1231: 74.33508587694038
1232: 73.81660276334321
1233: 73.28764524341076
1234: 72.74800171297463
1235: 72.19745629303472
1236: 71.63578874339905
1237: 71.06277437457882
1238: 0.0
1239: 69.88178363382093
1240: 69.27333481834256
1241: 68.65259410760203
1242: 68.0193131804829
1243: 67.37323869928053
1244: 66.71411220835691
1245: 0.0
1246: 65.35564316268227
1247: 0.0
1248: 63.94173205821059
1249: 0.0
1250: 62.47011618465528
1251: 0.0
1252: 60.93844048563092
1253: 60.14931807119922
1254: 59.3442537898093
1255: 58.52292558354283
1256: 57.68500488826088
1257: 58.52292558354283
1258: 57.68500488826088
1259: 0.0
1260: 55.95803845170383
1261: 85.63053429513623
1262: 85.34024207799095
1263: 85.04408536242923
1264: 84.74194567801466
1265: 84.43370215901723
1266: 84.11923149689213
1267: 83.79840789142239
1268: 83.4711030006562
1269: 83.1371858897088
1270: 82.79652297846022
1271: 82.44897798815848
1272: 82.09441188692382
1273: 81.73268283414095
1274: 81.36364612372239
1275: 80.98715412622306
1276: 80.60305622978362
1277: 80.21119877988046
1278: 79.81142501785794
1279: 79.40357501821873
1280: 0.0
1281: 78.56299038474128
1282: 78.12991948342292
1283: 77.68809967500724
1284: 77.23735421389628
1285: 76.77750278387398
1286: 76.30836142597246
1287: 75.82974246488101
1288: 75.3414544338685
1289: 74.84330199818908
1290: 74.33508587694038
1291: 73.81660276334321
1292: 73.28764524341076
1293: 72.74800171297463
1294: 72.19745629303472
1295: 0.0
1296: 71.06277437457882
1297: 70.47818395790367
1298: 69.88178363382093
1299: 69.27333481834256
1300: 0.0
1301: 68.0193131804829
1302: 0.0
1303: 66.71411220835691
1304: 66.04167003074795
1305: 65.35564316268227
1306: 64.6557571659688
1307: 63.94173205821059
1308: 63.21328220080072
1309: 62.47011618465528
1310: 61.711936713638224
1311: 60.93844048563092
1312: 60.14931807119922
1313: 0.0
1314: 58.52292558354283
1315: 57.68500488826088
1316: 56.83015650216514
1317: 57.68500488826088
1318: 56.83015650216514
1319: 55.95803845170383
1320: 55.06830185476856
1321: 85.34024207799095
1322: 0.0
1323: 84.74194567801466
1324: 84.43370215901723
1325: 84.11923149689213
1326: 83.79840789142239
1327: 83.4711030006562
1328: 83.1371858897088
1329: 82.79652297846022
1330: 82.44897798815848
1331: 82.09441188692382
1332: 81.73268283414095
1333: 81.36364612372239
1334: 80.98715412622306
1335: 80.60305622978362
1336: 80.21119877988046
1337: 79.81142501785794
1338: 79.40357501821873
1339: 78.9874856246474
1340: 78.56299038474128
1341: 78.12991948342292
1342: 77.68809967500724
1343: 0.0
1344: 76.77750278387398
1345: 76.30836142597246
1346: 75.82974246488101
1347: 0.0
1348: 74.84330199818908
1349: 74.33508587694038
1350: 73.81660276334321
1351: 73.28764524341076
1352: 72.74800171297463
1353: 0.0
1354: 71.63578874339905
1355: 71.06277437457882
1356: 70.47818395790367
1357: 69.88178363382093
1358: 69.27333481834256
1359: 68.65259410760203
1360: 68.0193131804829
1361: 67.37323869928053
1362: 66.71411220835691
1363: 66.04167003074795
1364: 0.0
1365: 64.6557571659688
1366: 63.94173205821059
1367: 63.21328220080072
1368: 62.47011618465528
1369: 61.711936713638224
1370: 60.93844048563092
1371: 60.14931807119922
1372: 59.3442537898093
1373: 58.52292558354283
1374: 57.68500488826088
1375: 56.83015650216514
1376: 55.95803845170383
1377: 56.83015650216514
1378: 55.95803845170383
1379: 55.06830185476856
1380: 54.160590781127524
1381: 85.04408536242923
1382: 84.74194567801466
1383: 84.43370215901723
1384: 84.11923149689213
1385: 83.79840789142239
1386: 83.4711030006562
1387: 83.1371858897088
1388: 0.0
1389: 82.44897798815848
1390: 0.0
1391: 81.73268283414095
1392: 81.36364612372239
1393: 0.0
1394: 80.60305622978362
1395: 80.21119877988046
1396: 79.81142501785794
1397: 79.40357501821873
1398: 78.9874856246474
1399: 78.56299038474128
1400: 78.12991948342292
1401: 0.0
1402: 77.23735421389628
1403: 76.77750278387398
1404: 76.30836142597246
1405: 75.82974246488101
1406: 75.3414544338685
1407: 74.84330199818908
1408: 74.33508587694038
1409: 73.81660276334321
1410: 73.28764524341076
1411: 72.74800171297463
1412: 72.19745629303472
1413: 71.63578874339905
1414: 71.06277437457882
1415: 70.47818395790367
1416: 0.0
1417: 69.27333481834256
1418: 68.65259410760203
1419: 68.0193131804829
1420: 67.37323869928053
1421: 66.71411220835691
1422: 66.04167003074795
1423: 65.35564316268227
1424: 64.6557571659688
1425: 63.94173205821059
1426: 63.21328220080072
1427: 62.47011618465528
1428: 61.711936713638224
1429: 60.93844048563092
1430: 0.0
1431: 59.3442537898093
1432: 58.52292558354283
1433: 57.68500488826088
1434: 56.83015650216514
1435: 55.95803845170383
1436: 55.06830185476856
1437: 0.0
1438: 55.06830185476856
1439: 54.160590781127524
1440: 53.2345421100392
1441: 84.74194567801466
1442: 84.43370215901723
1443: 84.11923149689213
1444: 83.79840789142239
1445: 83.4711030006562
1446: 83.1371858897088
1447: 82.79652297846022
1448: 82.44897798815848
1449: 82.09441188692382
1450: 81.73268283414095
1451: 81.36364612372239
1452: 80.98715412622306
1453: 80.60305622978362
1454: 80.21119877988046
1455: 0.0
1456: 79.40357501821873
1457: 78.9874856246474
1458: 78.56299038474128
1459: 78.12991948342292
1460: 77.68809967500724
1461: 77.23735421389628
1462: 76.77750278387398
1463: 76.30836142597246
1464: 0.0
1465: 75.3414544338685
1466: 74.84330199818908
1467: 74.33508587694038
1468: 73.81660276334321
1469: 73.28764524341076
1470: 72.74800171297463
1471: 72.19745629303472
1472: 71.63578874339905
1473: 71.06277437457882
1474: 0.0
1475: 69.88178363382093
1476: 69.27333481834256
1477: 68.65259410760203
1478: 68.0193131804829
1479: 67.37323869928053
1480: 66.71411220835691
1481: 66.04167003074795
1482: 0.0
1483: 64.6557571659688
1484: 63.94173205821059
1485: 63.21328220080072
1486: 62.47011618465528
1487: 0.0
1488: 60.93844048563092
1489: 60.14931807119922
1490: 59.3442537898093
1491: 58.52292558354283
1492: 0.0
1493: 56.83015650216514
1494: 55.95803845170383
1495: 0.0
1496: 54.160590781127524
1497: 53.2345421100392
1498: 54.160590781127524
1499: 53.2345421100392
1500: 52.2897853849895
1501: 0.0
1502: 84.11923149689213
1503: 83.79840789142239
1504: 83.4711030006562
1505: 0.0
1506: 82.79652297846022
1507: 82.44897798815848
1508: 82.09441188692382
1509: 81.73268283414095
1510: 81.36364612372239
1511: 80.98715412622306
1512: 80.60305622978362
1513: 0.0
1514: 79.81142501785794
1515: 79.40357501821873
1516: 78.9874856246474
1517: 78.56299038474128
1518: 78.12991948342292
1519: 77.68809967500724
1520: 77.23735421389628
1521: 76.77750278387398
1522: 76.30836142597246
1523: 75.82974246488101
1524: 75.3414544338685
1525: 74.84330199818908
1526: 74.33508587694038
1527: 73.81660276334321
1528: 73.28764524341076
1529: 72.74800171297463
1530: 72.19745629303472
1531: 71.63578874339905
1532: 71.06277437457882
1533: 70.47818395790367
1534: 69.88178363382093
1535: 69.27333481834256
1536: 68.65259410760203
1537: 68.0193131804829
1538: 67.37323869928053
1539: 0.0
1540: 66.04167003074795
1541: 65.35564316268227
1542: 64.6557571659688
1543: 63.94173205821059
1544: 63.21328220080072
1545: 62.47011618465528
1546: 61.711936713638224
1547: 60.93844048563092
1548: 60.14931807119922
1549: 59.3442537898093
1550: 58.52292558354283
1551: 57.68500488826088
1552: 56.83015650216514
1553: 55.95803845170383
1554: 55.06830185476856
1555: 54.160590781127524
1556: 53.2345421100392
1557: 52.2897853849895
1558: 0.0
1559: 52.2897853849895
1560: 51.32594266549435
1561: 84.11923149689213
1562: 83.79840789142239
1563: 0.0
1564: 83.1371858897088
1565: 82.79652297846022
1566: 82.44897798815848
1567: 82.09441188692382
1568: 81.73268283414095
1569: 81.36364612372239
1570: 80.98715412622306
1571: 0.0
1572: 80.21119877988046
1573: 79.81142501785794
1574: 79.40357501821873
1575: 78.9874856246474
1576: 78.56299038474128
1577: 78.12991948342292
1578: 77.68809967500724
1579: 0.0
1580: 76.77750278387398
1581: 76.30836142597246
1582: 75.82974246488101
1583: 75.3414544338685
1584: 74.84330199818908
1585: 74.33508587694038
1586: 0.0
1587: 73.28764524341076
1588: 72.74800171297463
1589: 0.0
1590: 71.63578874339905
1591: 71.06277437457882
1592: 70.47818395790367
1593: 0.0
1594: 69.27333481834256
1595: 68.65259410760203
1596: 68.0193131804829
1597: 67.37323869928053
1598: 66.71411220835691
1599: 66.04167003074795
1600: 65.35564316268227
1601: 64.6557571659688
1602: 63.94173205821059
1603: 63.21328220080072
1604: 0.0
1605: 61.711936713638224
1606: 60.93844048563092
1607: 60.14931807119922
1608: 59.3442537898093
1609: 58.52292558354283
1610: 57.68500488826088
1611: 56.83015650216514
1612: 55.95803845170383
1613: 0.0
1614: 54.160590781127524
1615: 53.2345421100392
1616: 52.2897853849895
1617: 51.32594266549435
1618: 50.34262837590839
1619: 51.32594266549435
1620: 50.34262837590839
1621: 83.79840789142239
1622: 83.4711030006562
1623: 83.1371858897088
1624: 82.79652297846022
1625: 82.44897798815848
1626: 0.0
1627: 81.73268283414095
1628: 81.36364612372239
1629: 80.98715412622306
1630: 80.60305622978362
1631: 80.21119877988046
1632: 79.81142501785794
1633: 79.40357501821873
1634: 78.9874856246474
1635: 78.56299038474128
1636: 78.12991948342292
1637: 77.68809967500724
1638: 77.23735421389628
1639: 76.77750278387398
1640: 76.30836142597246
1641: 0.0
1642: 75.3414544338685
1643: 0.0
1644: 74.33508587694038
1645: 73.81660276334321
1646: 73.28764524341076
1647: 72.74800171297463
1648: 72.19745629303472
1649: 71.63578874339905
1650: 71.06277437457882
1651: 0.0
1652: 69.88178363382093
1653: 69.27333481834256
1654: 68.65259410760203
1655: 68.0193131804829
1656: 0.0
1657: 66.71411220835691
1658: 66.04167003074795
1659: 0.0
1660: 64.6557571659688
1661: 63.94173205821059
1662: 63.21328220080072
1663: 62.47011618465528
1664: 61.711936713638224
1665: 60.93844048563092
1666: 60.14931807119922
1667: 59.3442537898093
1668: 58.52292558354283
1669: 57.68500488826088
1670: 0.0
1671: 55.95803845170383
1672: 55.06830185476856
1673: 54.160590781127524
1674: 53.2345421100392
1675: 52.2897853849895
1676: 51.32594266549435
1677: 50.34262837590839
1678: 49.33944915117927
1679: 0.0
1680: 49.33944915117927
1681: 83.4711030006562
1682: 0.0
1683: 82.79652297846022
1684: 82.44897798815848
1685: 82.09441188692382
1686: 81.73268283414095
1687: 81.36364612372239
1688: 80.98715412622306
1689: 80.60305622978362
1690: 80.21119877988046
1691: 79.81142501785794
1692: 79.40357501821873
1693: 78.9874856246474
1694: 78.56299038474128
1695: 78.12991948342292
1696: 0.0
1697: 77.23735421389628
1698: 76.77750278387398
1699: 76.30836142597246
1700: 75.82974246488101
1701: 75.3414544338685
1702: 74.84330199818908
1703: 74.33508587694038
1704: 73.81660276334321
1705: 73.28764524341076
1706: 72.74800171297463
1707: 0.0
1708: 71.63578874339905
1709: 71.06277437457882
1710: 70.47818395790367
1711: 69.88178363382093
1712: 69.27333481834256
1713: 0.0
1714: 68.0193131804829
1715: 67.37323869928053
1716: 66.71411220835691
1717: 66.04167003074795
1718: 65.35564316268227
1719: 64.6557571659688
1720: 63.94173205821059
1721: 0.0
1722: 62.47011618465528
1723: 61.711936713638224
1724: 60.93844048563092
1725: 60.14931807119922
1726: 59.3442537898093
1727: 58.52292558354283
1728: 57.68500488826088
1729: 56.83015650216514
1730: 55.95803845170383
1731: 55.06830185476856
1732: 0.0
1733: 53.2345421100392
1734: 52.2897853849895
1735: 51.32594266549435
1736: 50.34262837590839
1737: 49.33944915117927
1738: 48.31600367948592
1739: 49.33944915117927
1740: 48.31600367948592
1741: 83.1371858897088
1742: 82.79652297846022
1743: 82.44897798815848
1744: 82.09441188692382
1745: 0.0
1746: 81.36364612372239
1747: 80.98715412622306
1748: 0.0
1749: 80.21119877988046
1750: 79.81142501785794
1751: 79.40357501821873
1752: 78.9874856246474
1753: 78.56299038474128
1754: 0.0
1755: 77.68809967500724
1756: 77.23735421389628
1757: 76.77750278387398
1758: 0.0
1759: 75.82974246488101
1760: 75.3414544338685
1761: 74.84330199818908
1762: 74.33508587694038
1763: 73.81660276334321
1764: 73.28764524341076
1765: 72.74800171297463
1766: 72.19745629303472
1767: 71.63578874339905
1768: 71.06277437457882
1769: 70.47818395790367
1770: 69.88178363382093
1771: 69.27333481834256
1772: 68.65259410760203
1773: 68.0193131804829
1774: 67.37323869928053
1775: 66.71411220835691
1776: 66.04167003074795
1777: 65.35564316268227
1778: 64.6557571659688
1779: 63.94173205821059
1780: 63.21328220080072
1781: 62.47011618465528
1782: 61.711936713638224
1783: 0.0
1784: 60.14931807119922
1785: 59.3442537898093
1786: 58.52292558354283
1787: 0.0
1788: 56.83015650216514
1789: 55.95803845170383
1790: 55.06830185476856
1791: 54.160590781127524
1792: 53.2345421100392
1793: 52.2897853849895
1794: 51.32594266549435
1795: 0.0
1796: 49.33944915117927
1797: 48.31600367948592
1798: 47.27188254169775
1799: 0.0
1800: 47.27188254169775
1801: 82.79652297846022
1802: 82.44897798815848
1803: 82.09441188692382
1804: 81.73268283414095
1805: 81.36364612372239
1806: 80.98715412622306
1807: 80.60305622978362
1808: 80.21119877988046
1809: 79.81142501785794
1810: 79.40357501821873
1811: 78.9874856246474
1812: 78.56299038474128
1813: 78.12991948342292
1814: 77.68809967500724
1815: 77.23735421389628
1816: 0.0
1817: 76.30836142597246
1818: 75.82974246488101
1819: 75.3414544338685
1820: 74.84330199818908
1821: 74.33508587694038
1822: 73.81660276334321
1823: 0.0
1824: 72.74800171297463
1825: 72.19745629303472
1826: 71.63578874339905
1827: 71.06277437457882
1828: 70.47818395790367
1829: 69.88178363382093
1830: 69.27333481834256
1831: 68.65259410760203
1832: 68.0193131804829
1833: 67.37323869928053
1834: 66.71411220835691
1835: 66.04167003074795
1836: 0.0
1837: 64.6557571659688
1838: 63.94173205821059
1839: 63.21328220080072
1840: 62.47011618465528
1841: 61.711936713638224
1842: 60.93844048563092
1843: 60.14931807119922
1844: 59.3442537898093
1845: 58.52292558354283
1846: 57.68500488826088
1847: 56.83015650216514
1848: 55.95803845170383
1849: 0.0
1850: 54.160590781127524
1851: 53.2345421100392
1852: 52.2897853849895
1853: 51.32594266549435
1854: 50.34262837590839
1855: 49.33944915117927
1856: 48.31600367948592
1857: 47.27188254169775
1858: 46.20666804759064
1859: 47.27188254169775
1860: 46.20666804759064
1861: 82.44897798815848
1862: 82.09441188692382
1863: 81.73268283414095
1864: 81.36364612372239
1865: 80.98715412622306
1866: 80.60305622978362
1867: 80.21119877988046
1868: 79.81142501785794
1869: 0.0
1870: 78.9874856246474
1871: 78.56299038474128
1872: 78.12991948342292
1873: 77.68809967500724
1874: 77.23735421389628
1875: 76.77750278387398
1876: 76.30836142597246
1877: 75.82974246488101
1878: 75.3414544338685
1879: 74.84330199818908
1880: 74.33508587694038
1881: 73.81660276334321
1882: 73.28764524341076
1883: 72.74800171297463
1884: 72.19745629303472
1885: 71.63578874339905
1886: 71.06277437457882
1887: 70.47818395790367
1888: 69.88178363382093
1889: 69.27333481834256
1890: 68.65259410760203
1891: 68.0193131804829
1892: 67.37323869928053
1893: 66.71411220835691
1894: 66.04167003074795
1895: 65.35564316268227
1896: 64.6557571659688
1897: 63.94173205821059
1898: 63.21328220080072
1899: 62.47011618465528
1900: 61.711936713638224
1901: 60.93844048563092
1902: 60.14931807119922
1903: 59.3442537898093
1904: 58.52292558354283
1905: 57.68500488826088
1906: 56.83015650216514
1907: 55.95803845170383
1908: 55.06830185476856
1909: 54.160590781127524
1910: 53.2345421100392
1911: 52.2897853849895
1912: 51.32594266549435
1913: 50.34262837590839
1914: 49.33944915117927
1915: 48.31600367948592
1916: 47.27188254169775
1917: 46.20666804759064
1918: 45.11993406875409
1919: 46.20666804759064
1920: 45.11993406875409
1921: 82.09441188692382
1922: 81.73268283414095
1923: 0.0
1924: 80.98715412622306
1925: 80.60305622978362
1926: 80.21119877988046
1927: 79.81142501785794
1928: 79.40357501821873
1929: 78.9874856246474
1930: 78.56299038474128
1931: 78.12991948342292
1932: 77.68809967500724
1933: 77.23735421389628
1934: 76.77750278387398
1935: 76.30836142597246
1936: 75.82974246488101
1937: 75.3414544338685
1938: 74.84330199818908
1939: 74.33508587694038
1940: 73.81660276334321
1941: 0.0
1942: 72.74800171297463
1943: 72.19745629303472
1944: 71.63578874339905
1945: 0.0
1946: 70.47818395790367
1947: 69.88178363382093
1948: 69.27333481834256
1949: 68.65259410760203
1950: 68.0193131804829
1951: 67.37323869928053
1952: 66.71411220835691
1953: 66.04167003074795
1954: 65.35564316268227
1955: 64.6557571659688
1956: 63.94173205821059
1957: 63.21328220080072
1958: 62.47011618465528
1959: 61.711936713638224
1960: 60.93844048563092
1961: 60.14931807119922
1962: 59.3442537898093
1963: 58.52292558354283
1964: 57.68500488826088
1965: 56.83015650216514
1966: 0.0
1967: 55.06830185476856
1968: 54.160590781127524
1969: 53.2345421100392
1970: 52.2897853849895
1971: 51.32594266549435
1972: 50.34262837590839
1973: 49.33944915117927
1974: 48.31600367948592
1975: 47.27188254169775
1976: 46.20666804759064
1977: 45.11993406875409
1978: 44.01124586812287
1979: 0.0
1980: 44.01124586812287
1981: 81.73268283414095
1982: 81.36364612372239
1983: 80.98715412622306
1984: 80.60305622978362
1985: 80.21119877988046
1986: 79.81142501785794
1987: 79.40357501821873
1988: 78.9874856246474
1989: 78.56299038474128
1990: 78.12991948342292
1991: 77.68809967500724
1992: 77.23735421389628
1993: 76.77750278387398
1994: 76.30836142597246
1995: 75.82974246488101
1996: 0.0
1997: 74.84330199818908
1998: 74.33508587694038
1999: 73.81660276334321
2000: 73.28764524341076
2001: 72.74800171297463
2002: 72.19745629303472
2003: 71.63578874339905
2004: 71.06277437457882
2005: 70.47818395790367
2006: 69.88178363382093
2007: 69.27333481834256
2008: 68.65259410760203
2009: 68.0193131804829
2010: 67.37323869928053
2011: 66.71411220835691
2012: 66.04167003074795
2013: 65.35564316268227
2014: 64.6557571659688
2015: 63.94173205821059
2016: 63.21328220080072
2017: 62.47011618465528
2018: 61.711936713638224
2019: 60.93844048563092
2020: 60.14931807119922
2021: 59.3442537898093
2022: 58.52292558354283
2023: 57.68500488826088
2024: 56.83015650216514
2025: 55.95803845170383
2026: 55.06830185476856
2027: 54.160590781127524
2028: 53.2345421100392
2029: 52.2897853849895
2030: 51.32594266549435
2031: 50.34262837590839
2032: 49.33944915117927
2033: 48.31600367948592
2034: 47.27188254169775
2035: 46.20666804759064
2036: 45.11993406875409
2037: 0.0
2038: 42.88015992606475
2039: 41.726223762954945
2040: 42.88015992606475
2041: 81.36364612372239
2042: 80.98715412622306
2043: 80.60305622978362
2044: 80.21119877988046
2045: 79.81142501785794
2046: 79.40357501821873
2047: 78.9874856246474
2048: 78.56299038474128
2049: 78.12991948342292
2050: 77.68809967500724
2051: 77.23735421389628
2052: 76.77750278387398
2053: 76.30836142597246
2054: 0.0
2055: 75.3414544338685
2056: 74.84330199818908
2057: 74.33508587694038
2058: 73.81660276334321
2059: 0.0
2060: 72.74800171297463
2061: 72.19745629303472
2062: 71.63578874339905
2063: 71.06277437457882
2064: 0.0
2065: 69.88178363382093
2066: 0.0
2067: 68.65259410760203
2068: 68.0193131804829
2069: 67.37323869928053
2070: 66.71411220835691
2071: 66.04167003074795
2072: 65.35564316268227
2073: 0.0
2074: 63.94173205821059
2075: 0.0
2076: 62.47011618465528
2077: 61.711936713638224
2078: 0.0
2079: 60.14931807119922
2080: 59.3442537898093
2081: 58.52292558354283
2082: 57.68500488826088
2083: 56.83015650216514
2084: 55.95803845170383
2085: 55.06830185476856
2086: 54.160590781127524
2087: 53.2345421100392
2088: 52.2897853849895
2089: 51.32594266549435
2090: 50.34262837590839
2091: 49.33944915117927
2092: 0.0
2093: 47.27188254169775
2094: 46.20666804759064
2095: 0.0
2096: 44.01124586812287
2097: 42.88015992606475
2098: 41.726223762954945
2099: 40.548975758166165
2100: 0.0
2101: 80.98715412622306
2102: 80.60305622978362
2103: 80.21119877988046
2104: 79.81142501785794
2105: 79.40357501821873
2106: 78.9874856246474
2107: 78.56299038474128
2108: 78.12991948342292
2109: 77.68809967500724
2110: 77.23735421389628
2111: 76.77750278387398
2112: 0.0
2113: 75.82974246488101
2114: 75.3414544338685
2115: 74.84330199818908
2116: 74.33508587694038
2117: 73.81660276334321
2118: 73.28764524341076
2119: 72.74800171297463
2120: 72.19745629303472
2121: 0.0
2122: 71.06277437457882
2123: 70.47818395790367
2124: 69.88178363382093
2125: 69.27333481834256
2126: 68.65259410760203
2127: 68.0193131804829
2128: 67.37323869928053
2129: 66.71411220835691
2130: 0.0
2131: 65.35564316268227
2132: 64.6557571659688
2133: 63.94173205821059
2134: 63.21328220080072
2135: 62.47011618465528
2136: 61.711936713638224
2137: 60.93844048563092
2138: 60.14931807119922
2139: 59.3442537898093
2140: 58.52292558354283
2141: 57.68500488826088
2142: 56.83015650216514
2143: 55.95803845170383
2144: 55.06830185476856
2145: 54.160590781127524
2146: 53.2345421100392
2147: 52.2897853849895
2148: 51.32594266549435
2149: 0.0
2150: 49.33944915117927
2151: 48.31600367948592
2152: 47.27188254169775
2153: 46.20666804759064
2154: 45.11993406875409
2155: 44.01124586812287
2156: 42.88015992606475
2157: 41.726223762954945
2158: 40.548975758166165
2159: 39.34794496540185
2160: 38.12265092429887
2161: 80.60305622978362
2162: 80.21119877988046
2163: 79.81142501785794
2164: 79.40357501821873
2165: 78.9874856246474
2166: 0.0
2167: 78.12991948342292
2168: 0.0
2169: 77.23735421389628
2170: 76.77750278387398
2171: 76.30836142597246
2172: 75.82974246488101
2173: 75.3414544338685
2174: 74.84330199818908
2175: 74.33508587694038
2176: 0.0
2177: 73.28764524341076
2178: 72.74800171297463
2179: 72.19745629303472
2180: 71.63578874339905
2181: 71.06277437457882
2182: 70.47818395790367
2183: 69.88178363382093
2184: 69.27333481834256
2185: 68.65259410760203
2186: 0.0
2187: 67.37323869928053
2188: 0.0
2189: 66.04167003074795
2190: 65.35564316268227
2191: 64.6557571659688
2192: 0.0
2193: 63.21328220080072
2194: 62.47011618465528
2195: 61.711936713638224
2196: 60.93844048563092
2197: 60.14931807119922
2198: 0.0
2199: 58.52292558354283
2200: 57.68500488826088
2201: 56.83015650216514
2202: 55.95803845170383
2203: 55.06830185476856
2204: 0.0
2205: 53.2345421100392
2206: 52.2897853849895
2207: 51.32594266549435
2208: 50.34262837590839
2209: 49.33944915117927
2210: 48.31600367948592
2211: 47.27188254169775
2212: 46.20666804759064
2213: 45.11993406875409
2214: 44.01124586812287
2215: 42.88015992606475
2216: 41.726223762954945
2217: 0.0
2218: 39.34794496540185
2219: 38.12265092429887
2220: 36.8726034682241
2221: 80.21119877988046
2222: 0.0
2223: 79.40357501821873
2224: 78.9874856246474
2225: 78.56299038474128
2226: 78.12991948342292
2227: 77.68809967500724
2228: 77.23735421389628
2229: 76.77750278387398
2230: 76.30836142597246
2231: 75.82974246488101
2232: 75.3414544338685
2233: 74.84330199818908
2234: 74.33508587694038
2235: 73.81660276334321
2236: 73.28764524341076
2237: 72.74800171297463
2238: 0.0
2239: 71.63578874339905
2240: 71.06277437457882
2241: 70.47818395790367
2242: 69.88178363382093
2243: 0.0
2244: 68.65259410760203
2245: 68.0193131804829
2246: 67.37323869928053
2247: 66.71411220835691
2248: 66.04167003074795
2249: 65.35564316268227
2250: 64.6557571659688
2251: 63.94173205821059
2252: 63.21328220080072
2253: 62.47011618465528
2254: 61.711936713638224
2255: 60.93844048563092
2256: 60.14931807119922
2257: 59.3442537898093
2258: 58.52292558354283
2259: 57.68500488826088
2260: 56.83015650216514
2261: 55.95803845170383
2262: 55.06830185476856
2263: 54.160590781127524
2264: 53.2345421100392
2265: 52.2897853849895
2266: 51.32594266549435
2267: 50.34262837590839
2268: 49.33944915117927
2269: 48.31600367948592
2270: 47.27188254169775
2271: 46.20666804759064
2272: 45.11993406875409
2273: 44.01124586812287
2274: 42.88015992606475
2275: 41.726223762954945
2276: 40.548975758166165
2277: 39.34794496540185
2278: 38.12265092429887
2279: 36.8726034682241
2280: 35.59730252818822
2281: 79.81142501785794
2282: 79.40357501821873
2283: 78.9874856246474
2284: 78.56299038474128
2285: 78.12991948342292
2286: 77.68809967500724
2287: 77.23735421389628
2288: 76.77750278387398
2289: 76.30836142597246
2290: 75.82974246488101
2291: 75.3414544338685
2292: 0.0
2293: 74.33508587694038
2294: 73.81660276334321
2295: 73.28764524341076
2296: 72.74800171297463
2297: 72.19745629303472
2298: 71.63578874339905
2299: 71.06277437457882
2300: 70.47818395790367
2301: 69.88178363382093
2302: 69.27333481834256
2303: 68.65259410760203
2304: 68.0193131804829
2305: 0.0
2306: 66.71411220835691
2307: 66.04167003074795
2308: 65.35564316268227
2309: 64.6557571659688
2310: 63.94173205821059
2311: 63.21328220080072
2312: 62.47011618465528
2313: 61.711936713638224
2314: 60.93844048563092
2315: 60.14931807119922
2316: 59.3442537898093
2317: 58.52292558354283
2318: 57.68500488826088
2319: 56.83015650216514
2320: 55.95803845170383
2321: 0.0
2322: 54.160590781127524
2323: 53.2345421100392
2324: 52.2897853849895
2325: 51.32594266549435
2326: 0.0
2327: 49.33944915117927
2328: 48.31600367948592
2329: 47.27188254169775
2330: 46.20666804759064
2331: 45.11993406875409
2332: 44.01124586812287
2333: 42.88015992606475
2334: 41.726223762954945
2335: 40.548975758166165
2336: 39.34794496540185
2337: 38.12265092429887
2338: 36.8726034682241
2339: 35.59730252818822
2340: 34.29623793279809
2341: 79.40357501821873
2342: 78.9874856246474
2343: 78.56299038474128
2344: 78.12991948342292
2345: 77.68809967500724
2346: 0.0
2347: 76.77750278387398
2348: 76.30836142597246
2349: 0.0
2350: 75.3414544338685
2351: 74.84330199818908
2352: 74.33508587694038
2353: 73.81660276334321
2354: 73.28764524341076
2355: 72.74800171297463
2356: 72.19745629303472
2357: 71.63578874339905
2358: 71.06277437457882
2359: 70.47818395790367
2360: 69.88178363382093
2361: 69.27333481834256
2362: 68.65259410760203
2363: 68.0193131804829
2364: 67.37323869928053
2365: 66.71411220835691
2366: 66.04167003074795
2367: 65.35564316268227
2368: 64.6557571659688
2369: 0.0
2370: 63.21328220080072
2371: 62.47011618465528
2372: 61.711936713638224
2373: 60.93844048563092
2374: 0.0
2375: 59.3442537898093
2376: 58.52292558354283
2377: 57.68500488826088
2378: 56.83015650216514
2379: 55.95803845170383
2380: 55.06830185476856
2381: 54.160590781127524
2382: 53.2345421100392
2383: 52.2897853849895
2384: 51.32594266549435
2385: 50.34262837590839
2386: 49.33944915117927
2387: 48.31600367948592
2388: 0.0
2389: 46.20666804759064
2390: 45.11993406875409
2391: 0.0
2392: 42.88015992606475
2393: 41.726223762954945
2394: 40.548975758166165
2395: 39.34794496540185
2396: 0.0
2397: 36.8726034682241
2398: 35.59730252818822
2399: 34.29623793279809
2400: 32.96888920416776
2401: 78.9874856246474
2402: 0.0
2403: 78.12991948342292
2404: 77.68809967500724
2405: 77.23735421389628
2406: 76.77750278387398
2407: 76.30836142597246
2408: 75.82974246488101
2409: 75.3414544338685
2410: 74.84330199818908
2411: 74.33508587694038
2412: 73.81660276334321
2413: 0.0
2414: 72.74800171297463
2415: 0.0
2416: 71.63578874339905
2417: 0.0
2418: 70.47818395790367
2419: 69.88178363382093
2420: 69.27333481834256
2421: 68.65259410760203
2422: 68.0193131804829
2423: 67.37323869928053
2424: 66.71411220835691
2425: 0.0
2426: 65.35564316268227
2427: 64.6557571659688
2428: 63.94173205821059
2429: 63.21328220080072
2430: 62.47011618465528
2431: 61.711936713638224
2432: 60.93844048563092
2433: 60.14931807119922
2434: 59.3442537898093
2435: 58.52292558354283
2436: 57.68500488826088
2437: 0.0
2438: 55.95803845170383
2439: 0.0
2440: 54.160590781127524
2441: 53.2345421100392
2442: 52.2897853849895
2443: 51.32594266549435
2444: 50.34262837590839
2445: 0.0
2446: 48.31600367948592
2447: 47.27188254169775
2448: 46.20666804759064
2449: 45.11993406875409
2450: 44.01124586812287
2451: 42.88015992606475
2452: 41.726223762954945
2453: 0.0
2454: 39.34794496540185
2455: 38.12265092429887
2456: 36.8726034682241
2457: 35.59730252818822
2458: 34.29623793279809
2459: 32.96888920416776
2460: 31.614725349706507
2461: 78.56299038474128
2462: 78.12991948342292
2463: 77.68809967500724
2464: 77.23735421389628
2465: 76.77750278387398
2466: 0.0
2467: 75.82974246488101
2468: 75.3414544338685
2469: 74.84330199818908
2470: 74.33508587694038
2471: 0.0
2472: 73.28764524341076
2473: 72.74800171297463
2474: 72.19745629303472
2475: 71.63578874339905
2476: 71.06277437457882
2477: 70.47818395790367
2478: 69.88178363382093
2479: 0.0
2480: 68.65259410760203
2481: 68.0193131804829
2482: 67.37323869928053
2483: 66.71411220835691
2484: 66.04167003074795
2485: 65.35564316268227
2486: 64.6557571659688
2487: 63.94173205821059
2488: 63.21328220080072
2489: 62.47011618465528
2490: 0.0
2491: 60.93844048563092
2492: 60.14931807119922
2493: 0.0
2494: 58.52292558354283
2495: 57.68500488826088
2496: 56.83015650216514
2497: 55.95803845170383
2498: 55.06830185476856
2499: 54.160590781127524
2500: 53.2345421100392
2501: 52.2897853849895
2502: 0.0
2503: 50.34262837590839
2504: 49.33944915117927
2505: 48.31600367948592
2506: 47.27188254169775
2507: 46.20666804759064
2508: 45.11993406875409
2509: 44.01124586812287
2510: 42.88015992606475
2511: 41.726223762954945
2512: 40.548975758166165
2513: 39.34794496540185
2514: 38.12265092429887
2515: 36.8726034682241
2516: 35.59730252818822
2517: 34.29623793279809
2518: 32.96888920416776
2519: 31.614725349706507
2520: 30.233204649700582
2521: 78.12991948342292
2522: 77.68809967500724
2523: 77.23735421389628
2524: 76.77750278387398
2525: 76.30836142597246
2526: 75.82974246488101
2527: 75.3414544338685
2528: 74.84330199818908
2529: 74.33508587694038
2530: 73.81660276334321
2531: 73.28764524341076
2532: 72.74800171297463
2533: 72.19745629303472
2534: 71.63578874339905
2535: 71.06277437457882
2536: 0.0
2537: 69.88178363382093
2538: 69.27333481834256
2539: 68.65259410760203
2540: 68.0193131804829
2541: 67.37323869928053
2542: 66.71411220835691
2543: 66.04167003074795
2544: 65.35564316268227
2545: 0.0
2546: 63.94173205821059
2547: 63.21328220080072
2548: 62.47011618465528
2549: 61.711936713638224
2550: 60.93844048563092
2551: 60.14931807119922
2552: 59.3442537898093
2553: 58.52292558354283
2554: 57.68500488826088
2555: 56.83015650216514
2556: 55.95803845170383
2557: 55.06830185476856
2558: 54.160590781127524
2559: 53.2345421100392
2560: 52.2897853849895
2561: 51.32594266549435
2562: 50.34262837590839
2563: 49.33944915117927
2564: 48.31600367948592
2565: 47.27188254169775
2566: 46.20666804759064
2567: 45.11993406875409
2568: 44.01124586812287
2569: 42.88015992606475
2570: 41.726223762954945
2571: 40.548975758166165
2572: 39.34794496540185
2573: 38.12265092429887
2574: 36.8726034682241
2575: 35.59730252818822
2576: 34.29623793279809
2577: 32.96888920416776
2578: 31.614725349706507
2579: 30.233204649700582
2580: 28.82377444060363
2581: 77.68809967500724
2582: 77.23735421389628
2583: 76.77750278387398
2584: 76.30836142597246
2585: 0.0
2586: 75.3414544338685
2587: 74.84330199818908
2588: 74.33508587694038
2589: 0.0
2590: 73.28764524341076
2591: 72.74800171297463
2592: 0.0
2593: 71.63578874339905
2594: 71.06277437457882
2595: 70.47818395790367
2596: 69.88178363382093
2597: 69.27333481834256
2598: 68.65259410760203
2599: 0.0
2600: 67.37323869928053
2601: 66.71411220835691
2602: 0.0
2603: 65.35564316268227
2604: 64.6557571659688
2605: 63.94173205821059
2606: 63.21328220080072
2607: 62.47011618465528
2608: 61.711936713638224
2609: 60.93844048563092
2610: 60.14931807119922
2611: 59.3442537898093
2612: 0.0
2613: 57.68500488826088
2614: 56.83015650216514
2615: 55.95803845170383
2616: 55.06830185476856
2617: 0.0
2618: 53.2345421100392
2619: 52.2897853849895
2620: 51.32594266549435
2621: 50.34262837590839
2622: 0.0
2623: 48.31600367948592
2624: 47.27188254169775
2625: 46.20666804759064
2626: 45.11993406875409
2627: 44.01124586812287
2628: 42.88015992606475
2629: 41.726223762954945
2630: 0.0
2631: 39.34794496540185
2632: 38.12265092429887
2633: 36.8726034682241
2634: 0.0
2635: 34.29623793279809
2636: 32.96888920416776
2637: 31.614725349706507
2638: 30.233204649700582
2639: 28.82377444060363
2640: 27.38587089394916
2641: 77.23735421389628
2642: 76.77750278387398
2643: 76.30836142597246
2644: 75.82974246488101
2645: 75.3414544338685
2646: 74.84330199818908
2647: 74.33508587694038
2648: 73.81660276334321
2649: 73.28764524341076
2650: 72.74800171297463
2651: 72.19745629303472
2652: 71.63578874339905
2653: 71.06277437457882
2654: 0.0
2655: 69.88178363382093
2656: 69.27333481834256
2657: 68.65259410760203
2658: 68.0193131804829
2659: 67.37323869928053
2660: 66.71411220835691
2661: 66.04167003074795
2662: 65.35564316268227
2663: 64.6557571659688
2664: 63.94173205821059
2665: 63.21328220080072
2666: 62.47011618465528
2667: 61.711936713638224
2668: 60.93844048563092
2669: 60.14931807119922
2670: 59.3442537898093
2671: 58.52292558354283
2672: 57.68500488826088
2673: 56.83015650216514
2674: 0.0
2675: 55.06830185476856
2676: 54.160590781127524
2677: 53.2345421100392
2678: 52.2897853849895
2679: 51.32594266549435
2680: 0.0
2681: 49.33944915117927
2682: 48.31600367948592
2683: 47.27188254169775
2684: 46.20666804759064
2685: 45.11993406875409
2686: 44.01124586812287
2687: 42.88015992606475
2688: 41.726223762954945
2689: 40.548975758166165
2690: 39.34794496540185
2691: 38.12265092429887
2692: 36.8726034682241
2693: 35.59730252818822
2694: 34.29623793279809
2695: 32.96888920416776
2696: 0.0
2697: 30.233204649700582
2698: 28.82377444060363
2699: 27.38587089394916
2700: 25.918918790796624
2701: 76.77750278387398
2702: 76.30836142597246
2703: 0.0
2704: 75.3414544338685
2705: 74.84330199818908
2706: 74.33508587694038
2707: 73.81660276334321
2708: 73.28764524341076
2709: 0.0
2710: 72.19745629303472
2711: 71.63578874339905
2712: 71.06277437457882
2713: 70.47818395790367
2714: 69.88178363382093
2715: 69.27333481834256
2716: 68.65259410760203
2717: 68.0193131804829
2718: 67.37323869928053
2719: 66.71411220835691
2720: 66.04167003074795
2721: 65.35564316268227
2722: 64.6557571659688
2723: 63.94173205821059
2724: 63.21328220080072
2725: 62.47011618465528
2726: 0.0
2727: 60.93844048563092
2728: 60.14931807119922
2729: 59.3442537898093
2730: 58.52292558354283
2731: 57.68500488826088
2732: 56.83015650216514
2733: 55.95803845170383
2734: 55.06830185476856
2735: 54.160590781127524
2736: 53.2345421100392
2737: 52.2897853849895
2738: 51.32594266549435
2739: 50.34262837590839
2740: 49.33944915117927
2741: 48.31600367948592
2742: 47.27188254169775
2743: 46.20666804759064
2744: 45.11993406875409
2745: 0.0
2746: 42.88015992606475
2747: 41.726223762954945
2748: 40.548975758166165
2749: 39.34794496540185
2750: 38.12265092429887
2751: 36.8726034682241
2752: 35.59730252818822
2753: 34.29623793279809
2754: 32.96888920416776
2755: 31.614725349706507
2756: 30.233204649700582
2757: 28.82377444060363
2758: 27.38587089394916
2759: 25.918918790796624
2760: 24.4223312916208
2761: 76.30836142597246
2762: 75.82974246488101
2763: 75.3414544338685
2764: 74.84330199818908
2765: 0.0
2766: 73.81660276334321
2767: 73.28764524341076
2768: 72.74800171297463
2769: 72.19745629303472
2770: 71.63578874339905
2771: 71.06277437457882
2772: 0.0
2773: 69.88178363382093
2774: 0.0
2775: 68.65259410760203
2776: 68.0193131804829
2777: 67.37323869928053
2778: 0.0
2779: 66.04167003074795
2780: 65.35564316268227
2781: 64.6557571659688
2782: 0.0
2783: 63.21328220080072
2784: 62.47011618465528
2785: 61.711936713638224
2786: 60.93844048563092
2787: 60.14931807119922
2788: 59.3442537898093
2789: 58.52292558354283
2790: 57.68500488826088
2791: 56.83015650216514
2792: 55.95803845170383
2793: 55.06830185476856
2794: 54.160590781127524
2795: 53.2345421100392
2796: 52.2897853849895
2797: 51.32594266549435
2798: 50.34262837590839
2799: 49.33944915117927
2800: 0.0
2801: 47.27188254169775
2802: 46.20666804759064
2803: 45.11993406875409
2804: 44.01124586812287
2805: 42.88015992606475
2806: 41.726223762954945
2807: 40.548975758166165
2808: 0.0
2809: 38.12265092429887
2810: 36.8726034682241
2811: 35.59730252818822
2812: 34.29623793279809
2813: 32.96888920416776
2814: 31.614725349706507
2815: 30.233204649700582
2816: 28.82377444060363
2817: 27.38587089394916
2818: 25.918918790796624
2819: 0.0
2820: 22.895509701552534
2821: 75.82974246488101
2822: 75.3414544338685
2823: 74.84330199818908
2824: 74.33508587694038
2825: 73.81660276334321
2826: 73.28764524341076
2827: 72.74800171297463
2828: 0.0
2829: 71.63578874339905
2830: 71.06277437457882
2831: 70.47818395790367
2832: 69.88178363382093
2833: 69.27333481834256
2834: 68.65259410760203
2835: 68.0193131804829
2836: 67.37323869928053
2837: 66.71411220835691
2838: 66.04167003074795
2839: 65.35564316268227
2840: 64.6557571659688
2841: 63.94173205821059
2842: 63.21328220080072
2843: 62.47011618465528
2844: 61.711936713638224
2845: 60.93844048563092
2846: 0.0
2847: 59.3442537898093
2848: 0.0
2849: 57.68500488826088
2850: 56.83015650216514
2851: 55.95803845170383
2852: 55.06830185476856
2853: 54.160590781127524
2854: 53.2345421100392
2855: 52.2897853849895
2856: 51.32594266549435
2857: 50.34262837590839
2858: 49.33944915117927
2859: 48.31600367948592
2860: 47.27188254169775
2861: 46.20666804759064
2862: 45.11993406875409
2863: 44.01124586812287
2864: 42.88015992606475
2865: 41.726223762954945
2866: 40.548975758166165
2867: 39.34794496540185
2868: 38.12265092429887
2869: 36.8726034682241
2870: 35.59730252818822
2871: 34.29623793279809
2872: 32.96888920416776
2873: 31.614725349706507
2874: 0.0
2875: 28.82377444060363
2876: 27.38587089394916
2877: 25.918918790796624
2878: 24.4223312916208
2879: 22.895509701552534
2880: 21.337843230876828
2881: 75.3414544338685
2882: 74.84330199818908
2883: 74.33508587694038
2884: 73.81660276334321
2885: 73.28764524341076
2886: 72.74800171297463
2887: 72.19745629303472
2888: 71.63578874339905
2889: 71.06277437457882
2890: 0.0
2891: 69.88178363382093
2892: 0.0
2893: 68.65259410760203
2894: 68.0193131804829
2895: 67.37323869928053
2896: 66.71411220835691
2897: 0.0
2898: 65.35564316268227
2899: 64.6557571659688
2900: 63.94173205821059
2901: 63.21328220080072
2902: 0.0
2903: 61.711936713638224
2904: 60.93844048563092
2905: 60.14931807119922
2906: 59.3442537898093
2907: 58.52292558354283
2908: 57.68500488826088
2909: 56.83015650216514
2910: 55.95803845170383
2911: 55.06830185476856
2912: 54.160590781127524
2913: 53.2345421100392
2914: 52.2897853849895
2915: 51.32594266549435
2916: 0.0
2917: 49.33944915117927
2918: 0.0
2919: 47.27188254169775
2920: 46.20666804759064
2921: 45.11993406875409
2922: 44.01124586812287
2923: 42.88015992606475
2924: 0.0
2925: 40.548975758166165
2926: 0.0
2927: 38.12265092429887
2928: 36.8726034682241
2929: 35.59730252818822
2930: 34.29623793279809
2931: 32.96888920416776
2932: 31.614725349706507
2933: 30.233204649700582
2934: 28.82377444060363
2935: 27.38587089394916
2936: 25.918918790796624
2937: 24.4223312916208
2938: 22.895509701552534
2939: 21.337843230876828
2940: 19.748708750692522
2941: 74.84330199818908
2942: 74.33508587694038
2943: 73.81660276334321
2944: 73.28764524341076
2945: 72.74800171297463
2946: 72.19745629303472
2947: 71.63578874339905
2948: 71.06277437457882
2949: 70.47818395790367
2950: 69.88178363382093
2951: 69.27333481834256
2952: 68.65259410760203
2953: 68.0193131804829
2954: 67.37323869928053
2955: 66.71411220835691
2956: 66.04167003074795
2957: 65.35564316268227
2958: 64.6557571659688
2959: 0.0
2960: 63.21328220080072
2961: 62.47011618465528
2962: 61.711936713638224
2963: 60.93844048563092
2964: 0.0
2965: 59.3442537898093
2966: 58.52292558354283
2967: 57.68500488826088
2968: 0.0
2969: 55.95803845170383
2970: 55.06830185476856
2971: 54.160590781127524
2972: 53.2345421100392
2973: 52.2897853849895
2974: 51.32594266549435
2975: 50.34262837590839
2976: 49.33944915117927
2977: 48.31600367948592
2978: 47.27188254169775
2979: 46.20666804759064
2980: 45.11993406875409
2981: 44.01124586812287
2982: 42.88015992606475
2983: 41.726223762954945
2984: 40.548975758166165
2985: 39.34794496540185
2986: 38.12265092429887
2987: 36.8726034682241
2988: 35.59730252818822
2989: 34.29623793279809
2990: 32.96888920416776
2991: 31.614725349706507
2992: 30.233204649700582
2993: 0.0
2994: 27.38587089394916
2995: 0.0
2996: 24.4223312916208
2997: 22.895509701552534
2998: 21.337843230876828
2999: 19.748708750692522
3000: 18.12747054363581
3001: 0.0
3002: 73.81660276334321
3003: 73.28764524341076
3004: 0.0
3005: 72.19745629303472
3006: 71.63578874339905
3007: 71.06277437457882
3008: 0.0
3009: 69.88178363382093
3010: 69.27333481834256
3011: 68.65259410760203
3012: 68.0193131804829
3013: 67.37323869928053
3014: 0.0
3015: 66.04167003074795
3016: 65.35564316268227
3017: 64.6557571659688
3018: 63.94173205821059
3019: 63.21328220080072
3020: 62.47011618465528
3021: 61.711936713638224
3022: 60.93844048563092
3023: 60.14931807119922
3024: 59.3442537898093
3025: 58.52292558354283
3026: 57.68500488826088
3027: 56.83015650216514
3028: 55.95803845170383
3029: 55.06830185476856
3030: 54.160590781127524
3031: 0.0
3032: 52.2897853849895
3033: 51.32594266549435
3034: 50.34262837590839
3035: 49.33944915117927
3036: 48.31600367948592
3037: 47.27188254169775
3038: 46.20666804759064
3039: 45.11993406875409
3040: 44.01124586812287
3041: 0.0
3042: 41.726223762954945
3043: 40.548975758166165
3044: 0.0
3045: 38.12265092429887
3046: 0.0
3047: 35.59730252818822
3048: 34.29623793279809
3049: 32.96888920416776
3050: 31.614725349706507
3051: 30.233204649700582
3052: 28.82377444060363
3053: 27.38587089394916
3054: 25.918918790796624
3055: 24.4223312916208
3056: 22.895509701552534
3057: 21.337843230876828
3058: 19.748708750692522
3059: 0.0
3060: 16.473480049567847
3061: 73.81660276334321
3062: 73.28764524341076
3063: 72.74800171297463
3064: 72.19745629303472
3065: 71.63578874339905
3066: 71.06277437457882
3067: 70.47818395790367
3068: 69.88178363382093
3069: 69.27333481834256
3070: 0.0
3071: 68.0193131804829
3072: 67.37323869928053
3073: 66.71411220835691
3074: 66.04167003074795
3075: 65.35564316268227
3076: 64.6557571659688
3077: 0.0
3078: 63.21328220080072
3079: 62.47011618465528
3080: 61.711936713638224
3081: 60.93844048563092
3082: 60.14931807119922
3083: 59.3442537898093
3084: 58.52292558354283
3085: 57.68500488826088
3086: 56.83015650216514
3087: 55.95803845170383
3088: 55.06830185476856
3089: 54.160590781127524
3090: 53.2345421100392
3091: 52.2897853849895
3092: 51.32594266549435
3093: 50.34262837590839
3094: 49.33944915117927
3095: 48.31600367948592
3096: 47.27188254169775
3097: 46.20666804759064
3098: 45.11993406875409
3099: 44.01124586812287
3100: 42.88015992606475
3101: 41.726223762954945
3102: 40.548975758166165
3103: 39.34794496540185
3104: 38.12265092429887
3105: 36.8726034682241
3106: 35.59730252818822
3107: 34.29623793279809
3108: 32.96888920416776
3109: 31.614725349706507
3110: 30.233204649700582
3111: 28.82377444060363
3112: 27.38587089394916
3113: 25.918918790796624
3114: 24.4223312916208
3115: 0.0
3116: 21.337843230876828
3117: 19.748708750692522
3118: 18.12747054363581
3119: 16.473480049567847
3120: 14.786075606124776
3121: 73.28764524341076
3122: 72.74800171297463
3123: 72.19745629303472
3124: 71.63578874339905
3125: 71.06277437457882
3126: 70.47818395790367
3127: 69.88178363382093
3128: 69.27333481834256
3129: 68.65259410760203
3130: 68.0193131804829
3131: 67.37323869928053
3132: 0.0
3133: 66.04167003074795
3134: 65.35564316268227
3135: 64.6557571659688
3136: 63.94173205821059
3137: 63.21328220080072
3138: 62.47011618465528
3139: 0.0
3140: 60.93844048563092
3141: 60.14931807119922
3142: 59.3442537898093
3143: 58.52292558354283
3144: 57.68500488826088
3145: 0.0
3146: 55.95803845170383
3147: 0.0
3148: 54.160590781127524
3149: 53.2345421100392
3150: 52.2897853849895
3151: 51.32594266549435
3152: 0.0
3153: 49.33944915117927
3154: 48.31600367948592
3155: 47.27188254169775
3156: 46.20666804759064
3157: 0.0
3158: 44.01124586812287
3159: 0.0
3160: 41.726223762954945
3161: 40.548975758166165
3162: 39.34794496540185
3163: 0.0
3164: 36.8726034682241
3165: 35.59730252818822
3166: 0.0
3167: 32.96888920416776
3168: 31.614725349706507
3169: 30.233204649700582
3170: 28.82377444060363
3171: 27.38587089394916
3172: 0.0
3173: 24.4223312916208
3174: 22.895509701552534
3175: 21.337843230876828
3176: 19.748708750692522
3177: 18.12747054363581
3178: 16.473480049567847
3179: 14.786075606124776
3180: 13.064582184026289
3181: 73.81660276334321
3182: 73.28764524341076
3183: 72.74800171297463
3184: 72.19745629303472
3185: 0.0
3186: 69.88178363382093
3187: 69.27333481834256
3188: 68.65259410760203
3189: 68.0193131804829
3190: 67.37323869928053
3191: 66.71411220835691
3192: 66.04167003074795
3193: 65.35564316268227
3194: 64.6557571659688
3195: 63.94173205821059
3196: 63.21328220080072
3197: 62.47011618465528
3198: 61.711936713638224
3199: 60.93844048563092
3200: 60.14931807119922
3201: 59.3442537898093
3202: 58.52292558354283
3203: 57.68500488826088
3204: 56.83015650216514
3205: 55.95803845170383
3206: 55.06830185476856
3207: 54.160590781127524
3208: 53.2345421100392
3209: 52.2897853849895
3210: 51.32594266549435
3211: 50.34262837590839
3212: 49.33944915117927
3213: 48.31600367948592
3214: 47.27188254169775
3215: 46.20666804759064
3216: 45.11993406875409
3217: 44.01124586812287
3218: 42.88015992606475
3219: 41.726223762954945
3220: 40.548975758166165
3221: 39.34794496540185
3222: 38.12265092429887
3223: 36.8726034682241
3224: 35.59730252818822
3225: 34.29623793279809
3226: 32.96888920416776
3227: 31.614725349706507
3228: 30.233204649700582
3229: 28.82377444060363
3230: 27.38587089394916
3231: 25.918918790796624
3232: 24.4223312916208
3233: 22.895509701552534
3234: 21.337843230876828
3235: 19.748708750692522
3236: 18.12747054363581
3237: 0.0
3238: 14.786075606124776
3239: 13.064582184026289
3240: 11.308311117036922
3241: 73.28764524341076
3242: 72.74800171297463
3243: 72.19745629303472
3244: 71.63578874339905
3245: 71.06277437457882
3246: 70.47818395790367
3247: 69.88178363382093
3248: 0.0
3249: 67.37323869928053
3250: 66.71411220835691
3251: 66.04167003074795
3252: 65.35564316268227
3253: 64.6557571659688
3254: 63.94173205821059
3255: 0.0
3256: 62.47011618465528
3257: 0.0
3258: 60.93844048563092
3259: 60.14931807119922
3260: 59.3442537898093
3261: 58.52292558354283
3262: 0.0
3263: 56.83015650216514
3264: 55.95803845170383
3265: 55.06830185476856
3266: 54.160590781127524
3267: 53.2345421100392
3268: 52.2897853849895
3269: 0.0
3270: 50.34262837590839
3271: 49.33944915117927
3272: 48.31600367948592
3273: 47.27188254169775
3274: 46.20666804759064
3275: 45.11993406875409
3276: 44.01124586812287
3277: 42.88015992606475
3278: 41.726223762954945
3279: 40.548975758166165
3280: 0.0
3281: 38.12265092429887
3282: 36.8726034682241
3283: 35.59730252818822
3284: 34.29623793279809
3285: 32.96888920416776
3286: 31.614725349706507
3287: 30.233204649700582
3288: 28.82377444060363
3289: 27.38587089394916
3290: 0.0
3291: 24.4223312916208
3292: 22.895509701552534
3293: 21.337843230876828
3294: 0.0
3295: 18.12747054363581
3296: 16.473480049567847
3297: 14.786075606124776
3298: 13.064582184026289
3299: 0.0
3300: 9.516559826472012
3301: 72.74800171297463
3302: 72.19745629303472
3303: 71.63578874339905
3304: 71.06277437457882
3305: 0.0
3306: 69.88178363382093
3307: 69.27333481834256
3308: 68.65259410760203
3309: 68.0193131804829
3310: 67.37323869928053
3311: 66.71411220835691
3312: 66.04167003074795
3313: 0.0
3314: 63.21328220080072
3315: 62.47011618465528
3316: 61.711936713638224
3317: 60.93844048563092
3318: 60.14931807119922
3319: 59.3442537898093
3320: 58.52292558354283
3321: 57.68500488826088
3322: 56.83015650216514
3323: 55.95803845170383
3324: 55.06830185476856
3325: 54.160590781127524
3326: 53.2345421100392
3327: 52.2897853849895
3328: 51.32594266549435
3329: 50.34262837590839
3330: 49.33944915117927
3331: 48.31600367948592
3332: 47.27188254169775
3333: 46.20666804759064
3334: 45.11993406875409
3335: 44.01124586812287
3336: 42.88015992606475
3337: 41.726223762954945
3338: 40.548975758166165
3339: 39.34794496540185
3340: 38.12265092429887
3341: 36.8726034682241
3342: 35.59730252818822
3343: 34.29623793279809
3344: 0.0
3345: 31.614725349706507
3346: 30.233204649700582
3347: 28.82377444060363
3348: 27.38587089394916
3349: 25.918918790796624
3350: 24.4223312916208
3351: 22.895509701552534
3352: 0.0
3353: 19.748708750692522
3354: 18.12747054363581
3355: 16.473480049567847
3356: 0.0
3357: 13.064582184026289
3358: 11.308311117036922
3359: 9.516559826472012
3360: 7.688611540138114
3361: 0.0
3362: 71.63578874339905
3363: 71.06277437457882
3364: 70.47818395790367
3365: 69.88178363382093
3366: 69.27333481834256
3367: 68.65259410760203
3368: 68.0193131804829
3369: 67.37323869928053
3370: 0.0
3371: 66.04167003074795
3372: 65.35564316268227
3373: 64.6557571659688
3374: 63.94173205821059
3375: 63.21328220080072
3376: 62.47011618465528
3377: 61.711936713638224
3378: 60.93844048563092
3379: 60.14931807119922
3380: 59.3442537898093
3381: 58.52292558354283
3382: 57.68500488826088
3383: 56.83015650216514
3384: 0.0
3385: 53.2345421100392
3386: 52.2897853849895
3387: 51.32594266549435
3388: 50.34262837590839
3389: 49.33944915117927
3390: 48.31600367948592
3391: 47.27188254169775
3392: 46.20666804759064
3393: 45.11993406875409
3394: 0.0
3395: 42.88015992606475
3396: 41.726223762954945
3397: 40.548975758166165
3398: 39.34794496540185
3399: 38.12265092429887
3400: 0.0
3401: 35.59730252818822
3402: 34.29623793279809
3403: 32.96888920416776
3404: 31.614725349706507
3405: 30.233204649700582
3406: 0.0
3407: 27.38587089394916
3408: 25.918918790796624
3409: 0.0
3410: 22.895509701552534
3411: 21.337843230876828
3412: 19.748708750692522
3413: 18.12747054363581
3414: 16.473480049567847
3415: 14.786075606124776
3416: 13.064582184026289
3417: 11.308311117036922
3418: 9.516559826472012
3419: 7.688611540138114
3420: 5.82373500559545
3421: 72.74800171297463
3422: 72.19745629303472
3423: 0.0
3424: 71.06277437457882
3425: 70.47818395790367
3426: 69.88178363382093
3427: 0.0
3428: 67.37323869928053
3429: 66.71411220835691
3430: 66.04167003074795
3431: 65.35564316268227
3432: 64.6557571659688
3433: 63.94173205821059
3434: 63.21328220080072
3435: 62.47011618465528
3436: 0.0
3437: 60.93844048563092
3438: 0.0
3439: 59.3442537898093
3440: 58.52292558354283
3441: 57.68500488826088
3442: 56.83015650216514
3443: 55.95803845170383
3444: 55.06830185476856
3445: 54.160590781127524
3446: 0.0
3447: 50.34262837590839
3448: 49.33944915117927
3449: 48.31600367948592
3450: 47.27188254169775
3451: 46.20666804759064
3452: 45.11993406875409
3453: 44.01124586812287
3454: 42.88015992606475
3455: 41.726223762954945
3456: 40.548975758166165
3457: 39.34794496540185
3458: 38.12265092429887
3459: 36.8726034682241
3460: 35.59730252818822
3461: 34.29623793279809
3462: 32.96888920416776
3463: 31.614725349706507
3464: 30.233204649700582
3465: 28.82377444060363
3466: 27.38587089394916
3467: 25.918918790796624
3468: 24.4223312916208
3469: 22.895509701552534
3470: 21.337843230876828
3471: 19.748708750692522
3472: 18.12747054363581
3473: 16.473480049567847
3474: 14.786075606124776
3475: 13.064582184026289
3476: 11.308311117036922
3477: 9.516559826472012
3478: 7.688611540138114
3479: 5.82373500559545
3480: 3.9211841976276833
3481: 73.28764524341076
3482: 72.74800171297463
3483: 72.19745629303472
3484: 71.63578874339905
3485: 0.0
3486: 69.27333481834256
3487: 68.65259410760203
3488: 68.0193131804829
3489: 67.37323869928053
3490: 66.71411220835691
3491: 66.04167003074795
3492: 65.35564316268227
3493: 0.0
3494: 62.47011618465528
3495: 61.711936713638224
3496: 60.93844048563092
3497: 60.14931807119922
3498: 59.3442537898093
3499: 58.52292558354283
3500: 57.68500488826088
3501: 56.83015650216514
3502: 55.95803845170383
3503: 55.06830185476856
3504: 54.160590781127524
3505: 53.2345421100392
3506: 52.2897853849895
3507: 51.32594266549435
3508: 50.34262837590839
3509: 49.33944915117927
3510: 48.31600367948592
3511: 47.27188254169775
3512: 46.20666804759064
3513: 45.11993406875409
3514: 0.0
3515: 40.548975758166165
3516: 39.34794496540185
3517: 38.12265092429887
3518: 36.8726034682241
3519: 35.59730252818822
3520: 34.29623793279809
3521: 32.96888920416776
3522: 31.614725349706507
3523: 30.233204649700582
3524: 28.82377444060363
3525: 27.38587089394916
3526: 25.918918790796624
3527: 24.4223312916208
3528: 22.895509701552534
3529: 21.337843230876828
3530: 19.748708750692522
3531: 18.12747054363581
3532: 0.0
3533: 14.786075606124776
3534: 13.064582184026289
3535: 11.308311117036922
3536: 9.516559826472012
3537: 7.688611540138114
3538: 5.82373500559545
3539: 3.9211841976276833
3540: 1.9801980198019802
3541: 72.74800171297463
3542: 72.19745629303472
3543: 71.63578874339905
3544: 71.06277437457882
3545: 70.47818395790367
3546: 69.88178363382093
3547: 0.0
3548: 67.37323869928053
3549: 66.71411220835691
3550: 66.04167003074795
3551: 65.35564316268227
3552: 64.6557571659688
3553: 63.94173205821059
3554: 63.21328220080072
3555: 62.47011618465528
3556: 61.711936713638224
3557: 0.0
3558: 60.14931807119922
3559: 59.3442537898093
3560: 58.52292558354283
3561: 57.68500488826088
3562: 56.83015650216514
3563: 55.95803845170383
3564: 55.06830185476856
3565: 54.160590781127524
3566: 53.2345421100392
3567: 52.2897853849895
3568: 51.32594266549435
3569: 50.34262837590839
3570: 49.33944915117927
3571: 48.31600367948592
3572: 0.0
3573: 44.01124586812287
3574: 42.88015992606475
3575: 41.726223762954945
3576: 40.548975758166165
3577: 0.0
3578: 38.12265092429887
3579: 36.8726034682241
3580: 35.59730252818822
3581: 34.29623793279809
3582: 32.96888920416775
3583: 31.61472534970651
3584: 0.0
3585: 25.918918790796624
3586: 24.4223312916208
3587: 22.895509701552534
3588: 21.337843230876828
3589: 19.748708750692522
3590: 18.12747054363581
3591: 16.473480049567847
3592: 14.786075606124776
3593: 13.064582184026289
3594: 11.308311117036922
3595: 9.516559826472012
3596: 7.688611540138114
3597: 5.82373500559545
3598: 3.9211841976276833
3599: 1.9801980198019802
3600: 0.0

******************** Tempo 3 - DeterministicGoalState - LAO *********************
81021271 milissegundos
1894 iteracoes
