Inicio dos resultados


******************** PROBLEMA 1 - DeterministicGoalState - It_value *********************

******************** Politica 1 - DeterministicGoalState *********************
(1, 1)(2, 1)(4, 1)(5, 1)(7, 1)(8, 1)(10, 1)(11, 3)(12, 1)(13, 3)(14, 1)(15, 1)(16, 1)(17, 3)(18, 1)(19, 1)(20, 1)(21, 1)(22, 1)(23, 1)(24, 3)(25, 1)(26, 1)(27, 1)(28, 1)(29, 1)(30, 1)(32, 1)(34, 1)(35, 1)(36, 1)(38, 1)(39, 1)(40, 1)(41, 1)(42, 1)(43, 1)(45, 1)(46, 1)(47, 1)(48, 3)(49, 1)(50, 1)(51, 1)(52, 3)(53, 1)(54, 1)(55, 3)(56, 1)(57, 1)(58, 1)(59, 1)(60, 1)(61, 1)(62, 1)(63, 1)(64, 1)(65, 1)(66, 3)(67, 1)(69, 1)(70, 1)(71, 1)(73, 1)(74, 1)(76, 1)(77, 1)(78, 1)(79, 1)(80, 1)(81, 1)(82, 1)(83, 1)(84, 1)(85, 1)(87, 1)(88, 1)(89, 3)(90, 1)(91, 1)(92, 1)(93, 1)(94, 1)(95, 1)(96, 1)(97, 1)(98, 1)(99, 1)(100, 1)(101, 1)(102, 1)(103, 1)(104, 1)(105, 1)(106, 1)(107, 1)(108, 1)(110, 1)(111, 1)(112, 1)(113, 1)(114, 1)(115, 1)(116, 1)(117, 1)(118, 1)(119, 1)(120, 1)(121, 1)(122, 1)(123, 1)(124, 1)(125, 3)(126, 1)(127, 1)(128, 1)(129, 1)(130, 1)(131, 1)(132, 1)(133, 3)(134, 1)(135, 3)(136, 1)(137, 1)(138, 1)(139, 1)(140, 1)(141, 1)(142, 1)(143, 1)(144, 1)(146, 1)(147, 1)(148, 1)(149, 1)(150, 1)(151, 3)(152, 1)(154, 1)(156, 1)(157, 1)(158, 1)(159, 1)(160, 1)(161, 3)(162, 1)(163, 1)(164, 1)(165, 1)(166, 1)(167, 1)(168, 1)(169, 1)(170, 1)(172, 1)(173, 1)(174, 1)(175, 1)(176, 3)(177, 1)(178, 1)(179, 3)(180, 1)(182, 1)(183, 1)(184, 1)(185, 1)(186, 1)(187, 1)(188, 1)(189, 1)(190, 1)(191, 1)(192, 1)(193, 3)(194, 1)(195, 1)(197, 1)(198, 1)(200, 1)(201, 1)(202, 1)(203, 1)(204, 1)(205, 1)(206, 1)(207, 1)(208, 1)(209, 1)(210, 1)(211, 3)(212, 1)(214, 1)(215, 1)(216, 3)(217, 1)(218, 1)(219, 3)(220, 1)(221, 1)(222, 1)(223, 3)(224, 1)(225, 3)(226, 1)(227, 1)(228, 1)(229, 3)(230, 1)(232, 1)(233, 1)(234, 1)(235, 1)(237, 1)(238, 1)(240, 1)(241, 1)(242, 1)(244, 1)(246, 1)(247, 1)(248, 1)(250, 1)(251, 1)(252, 1)(253, 1)(254, 1)(255, 1)(256, 1)(257, 1)(258, 3)(259, 1)(260, 1)(261, 1)(262, 1)(263, 1)(264, 3)(265, 1)(266, 1)(267, 1)(268, 1)(269, 1)(270, 3)(271, 1)(272, 1)(273, 1)(274, 1)(275, 1)(276, 1)(277, 1)(279, 1)(280, 1)(281, 1)(282, 1)(283, 1)(285, 1)(286, 3)(287, 1)(288, 1)(289, 1)(291, 1)(292, 1)(293, 1)(294, 3)(295, 1)(296, 3)(297, 1)(298, 1)(299, 1)(300, 1)(301, 3)(302, 3)(303, 1)(304, 1)(305, 1)(307, 1)(308, 1)(309, 1)(310, 1)(311, 1)(312, 1)(313, 1)(315, 1)(317, 1)(318, 1)(319, 1)(320, 1)(321, 1)(323, 3)(324, 3)(325, 3)(326, 3)(327, 3)(328, 3)(329, 3)(330, 1)(331, 1)(332, 1)(333, 1)(334, 3)(335, 1)(336, 1)(337, 3)(338, 1)(339, 1)(340, 1)(341, 3)(342, 3)(343, 3)(344, 3)(345, 0)(346, 0)(347, 0)(348, 0)(350, 3)(351, 3)(352, 1)(353, 1)(355, 1)(356, 1)(358, 1)(359, 1)(360, 1)(361, 1)(363, 1)(364, 1)(365, 1)(367, 1)(368, 1)(369, 1)(370, 0)(372, 3)(373, 3)(374, 3)(375, 3)(376, 3)(377, 3)(378, 3)(379, 3)(380, 1)(381, 3)(382, 3)(383, 3)(384, 3)(385, 3)(386, 3)(387, 3)(388, 3)(389, 3)(390, 3)(391, 3)(392, 0)(393, 0)(394, 0)(395, 0)(396, 0)(397, 0)(398, 0)(400, 0)
******************** Valor 1 - DeterministicGoalState - It_value *********************
[ 0.         53.24491509 52.29207622  0.         50.34272943 49.33946931
  0.         47.27188326 46.20666818  0.         44.01124587 42.88015993
 41.72622376 40.54897576 39.34794497 38.12265092 36.87260347 35.59730253
 34.29623793 32.9688892  31.61472535 52.29207622 51.32643206 50.34272943
 49.33946931 48.31600756 47.27188326 46.20666818 45.11993409 44.01124587
 42.88015993  0.         40.54897576  0.         38.12265092 36.87260347
 35.59730253  0.         32.9688892  31.61472535 30.23320465 51.32643206
 50.34272943 49.33946931  0.         47.27188326 46.20666818 45.11993409
 44.01124587 42.88015993 41.72622376 40.54897576 39.34794497 38.12265092
 36.87260347 35.59730253 34.29623793 32.9688892  31.61472535 30.23320465
 28.82377444 50.34272943 49.33946931 48.31600756 47.27188326 46.20666818
 45.11993409 44.01124587  0.         41.72622376 40.54897576 39.34794497
  0.         36.87260347 35.59730253  0.         32.9688892  31.61472535
 30.23320465 28.82377444 27.38587089 49.33946931 48.31600756 47.27188326
 46.20666818 45.11993409  0.         42.88015993 41.72622376 40.54897576
 39.34794497 38.12265092 36.87260347 35.59730253 34.29623793 32.9688892
 31.61472535 30.23320465 28.82377444 27.38587089 25.91891879 48.31600756
 47.27188326 46.20666818 45.11993409 44.01124587 42.88015993 41.72622376
 40.54897576  0.         38.12265092 36.87260347 35.59730253 34.29623793
 32.9688892  31.61472535 30.23320465 28.82377444 27.38587089 25.91891879
 24.42233129 47.27188326 46.20666818 45.11993409 44.01124587 42.88015993
 41.72622376 40.54897576 39.34794497 38.12265092 36.87260347 35.59730253
 34.29623793 32.9688892  31.61472535 30.23320465 28.82377444 27.38587089
 25.91891879 24.42233129 22.8955097  46.20666818 45.11993409 44.01124587
 42.88015993  0.         40.54897576 39.34794497 38.12265092 36.87260347
 35.59730253 34.29623793 32.9688892   0.         30.23320465  0.
 27.38587089 25.91891879 24.42233129 22.8955097  21.33784323 45.11993409
 44.01124587 42.88015993 41.72622376 40.54897576 39.34794497 38.12265092
 36.87260347 35.59730253 34.29623793  0.         31.61472535 30.23320465
 28.82377444 27.38587089 25.91891879 24.42233129 22.8955097  21.33784323
 19.74870875  0.         42.88015993 41.72622376 40.54897576 39.34794497
 38.12265092 36.87260347 35.59730253 34.29623793 32.9688892  31.61472535
 30.23320465 28.82377444 27.38587089 25.91891879  0.         22.8955097
 21.33784323  0.         18.12747054 42.88015993 41.72622376 40.54897576
 39.34794497 38.12265092 36.87260347 35.59730253 34.29623793 32.9688892
 31.61472535 30.23320465 28.82377444  0.         25.91891879 24.42233129
 22.8955097  21.33784323 19.74870875 18.12747054 16.47348005 41.72622376
 40.54897576 39.34794497 38.12265092 36.87260347 35.59730253 34.29623793
 32.9688892  31.61472535 30.23320465  0.         27.38587089 25.91891879
 24.42233129 22.8955097   0.         19.74870875 18.12747054  0.
 14.78607561 40.54897576 39.34794497  0.         36.87260347  0.
 34.29623793 32.9688892  31.61472535  0.         28.82377444 27.38587089
 25.91891879 24.42233129 22.8955097  21.33784323 19.74870875 18.12747054
 16.47348005 14.78607561 13.06458218 39.34794497 38.12265092 36.87260347
 35.59730253 34.29623793 32.9688892  31.61472535 30.23320465 28.82377444
 27.38587089 25.91891879 24.42233129 22.8955097  21.33784323 19.74870875
 18.12747054 16.47348005  0.         13.06458218 11.30831112 38.12265092
 36.87260347 35.59730253  0.         32.9688892  31.61472535 30.23320465
 28.82377444 27.38587089  0.         24.42233129 22.8955097  21.33784323
 19.74870875 18.12747054 16.47348005 14.78607561 13.06458218 11.30831112
  9.51655983 36.87260347 35.59730253 34.29623793 32.9688892  31.61472535
  0.         28.82377444 27.38587089 25.91891879 24.42233129 22.8955097
 21.33784323 19.74870875  0.         16.47348005  0.         13.06458218
 11.30831112  9.51655983  7.68861154 38.12265092  0.         32.9688892
 31.61472535 30.23320465 28.82377444 27.38587089 25.91891879 24.42233129
 22.8955097  21.33784323 19.74870875 18.12747054 16.47348005 14.78607561
 13.06458218 11.30831112  9.51655983  7.68861154  5.82373501 36.87260347
 35.59730253 34.29623793 32.9688892  31.61472535 30.23320465 28.82377444
 27.38587089  0.         21.33784323 19.74870875 18.12747054 16.47348005
  0.         13.06458218 11.30831112  0.          7.68861154  5.82373501
  3.9211842  35.59730253  0.         32.9688892  31.61472535 30.23320465
  0.         27.38587089 25.91891879 24.42233129 22.8955097   0.
 16.47348005 14.78607561 13.06458218 11.30831112  9.51655983  7.68861154
  5.82373501  3.9211842   1.98019802 34.29623793 32.9688892  31.61472535
 30.23320465 28.82377444 27.38587089 25.91891879 24.42233129 22.8955097
 21.33784323 19.74870875 18.12747054 16.47348005 14.78607561 13.06458218
 11.30831112  9.51655983  7.68861154  0.          0.        ]
******************** Tempo 1 - DeterministicGoalState - It_value *********************
56015

******************** PROBLEMA 2 - DeterministicGoalState - It_value *********************

******************** Politica 2 - DeterministicGoalState *********************
(1, 1)(2, 1)(4, 1)(5, 1)(6, 1)(7, 1)(8, 1)(9, 1)(10, 1)(11, 1)(12, 1)(13, 1)(14, 1)(16, 1)(17, 1)(19, 1)(20, 3)(21, 1)(22, 1)(23, 3)(24, 1)(25, 1)(26, 1)(27, 1)(28, 1)(29, 1)(30, 1)(31, 1)(32, 1)(33, 1)(34, 1)(35, 1)(36, 1)(37, 1)(38, 1)(39, 1)(40, 1)(41, 1)(42, 1)(43, 3)(44, 1)(45, 3)(46, 1)(47, 1)(48, 3)(49, 1)(50, 1)(51, 1)(52, 1)(53, 1)(54, 1)(55, 1)(56, 1)(57, 1)(58, 1)(59, 1)(61, 1)(62, 1)(64, 1)(65, 1)(66, 1)(67, 1)(68, 1)(69, 1)(70, 1)(71, 1)(72, 1)(73, 1)(74, 1)(75, 2)(76, 1)(77, 3)(78, 1)(79, 1)(80, 1)(81, 1)(82, 1)(84, 1)(86, 1)(87, 1)(89, 1)(90, 1)(91, 3)(92, 1)(93, 3)(94, 1)(95, 1)(96, 1)(97, 1)(98, 1)(99, 1)(100, 1)(101, 1)(102, 1)(103, 1)(104, 1)(105, 3)(106, 1)(107, 1)(108, 1)(109, 1)(110, 1)(111, 1)(112, 1)(113, 3)(114, 1)(116, 1)(118, 1)(119, 1)(120, 1)(121, 1)(122, 1)(123, 1)(124, 1)(125, 1)(126, 1)(127, 1)(128, 1)(129, 1)(130, 1)(132, 1)(134, 1)(135, 1)(136, 1)(137, 1)(138, 3)(139, 1)(140, 1)(141, 1)(142, 3)(143, 1)(144, 1)(146, 1)(147, 3)(148, 1)(149, 1)(150, 1)(151, 3)(152, 1)(154, 1)(155, 1)(156, 1)(157, 1)(158, 1)(159, 3)(160, 1)(161, 1)(162, 1)(163, 1)(164, 1)(165, 1)(166, 1)(167, 1)(168, 1)(169, 3)(170, 1)(171, 1)(172, 1)(173, 3)(174, 1)(175, 1)(176, 1)(177, 1)(179, 1)(180, 1)(181, 1)(183, 1)(184, 3)(185, 1)(186, 1)(188, 1)(189, 3)(190, 1)(192, 1)(193, 1)(194, 1)(195, 2)(196, 1)(197, 1)(198, 1)(200, 1)(201, 1)(202, 1)(203, 1)(204, 1)(205, 1)(206, 1)(207, 1)(208, 1)(210, 1)(211, 1)(212, 1)(214, 1)(215, 1)(216, 1)(217, 3)(218, 1)(219, 1)(220, 1)(221, 1)(222, 1)(223, 1)(225, 1)(226, 1)(227, 1)(228, 1)(230, 1)(231, 1)(232, 3)(233, 1)(234, 1)(236, 1)(237, 1)(238, 1)(239, 1)(240, 1)(241, 1)(242, 3)(243, 1)(244, 1)(245, 1)(246, 1)(247, 1)(248, 3)(249, 1)(250, 1)(251, 1)(252, 1)(253, 1)(254, 1)(255, 3)(256, 1)(258, 1)(259, 1)(260, 1)(261, 1)(262, 1)(263, 1)(264, 3)(265, 1)(266, 1)(267, 1)(268, 1)(269, 1)(270, 1)(271, 1)(273, 1)(274, 1)(275, 1)(276, 1)(277, 3)(278, 1)(279, 1)(280, 1)(281, 1)(283, 1)(284, 1)(285, 3)(286, 1)(287, 1)(289, 1)(290, 3)(291, 1)(292, 1)(293, 1)(294, 1)(296, 1)(297, 1)(298, 1)(299, 1)(300, 1)(301, 1)(302, 1)(303, 1)(305, 1)(306, 1)(307, 1)(308, 3)(309, 1)(310, 1)(311, 1)(312, 1)(313, 3)(314, 1)(315, 1)(316, 1)(318, 1)(319, 1)(320, 1)(321, 1)(322, 1)(323, 1)(324, 1)(326, 1)(327, 1)(328, 1)(329, 1)(331, 1)(332, 1)(333, 1)(334, 1)(335, 1)(336, 1)(337, 1)(338, 1)(339, 1)(340, 1)(341, 1)(342, 1)(343, 1)(344, 1)(345, 1)(346, 1)(347, 1)(349, 1)(350, 1)(351, 3)(352, 1)(354, 1)(355, 1)(356, 1)(357, 1)(358, 1)(359, 1)(360, 1)(361, 1)(362, 3)(363, 1)(364, 1)(365, 1)(366, 1)(367, 1)(368, 1)(369, 1)(370, 1)(371, 1)(372, 1)(373, 1)(374, 1)(375, 1)(376, 1)(377, 1)(378, 1)(379, 1)(380, 1)(381, 1)(382, 3)(383, 1)(384, 1)(385, 1)(386, 1)(387, 1)(388, 1)(389, 1)(390, 1)(392, 1)(393, 1)(394, 3)(395, 1)(396, 2)(397, 1)(398, 1)(399, 3)(400, 1)(401, 1)(403, 1)(404, 1)(405, 1)(406, 1)(407, 1)(408, 1)(409, 1)(410, 1)(411, 3)(412, 1)(413, 1)(414, 1)(415, 1)(416, 3)(417, 1)(418, 1)(419, 1)(420, 1)(421, 1)(423, 1)(424, 1)(425, 1)(426, 1)(427, 1)(428, 3)(429, 1)(430, 1)(431, 1)(432, 1)(433, 1)(435, 1)(437, 1)(438, 1)(440, 1)(441, 3)(442, 1)(443, 1)(444, 1)(445, 1)(446, 1)(447, 1)(448, 1)(449, 1)(450, 1)(452, 1)(453, 1)(454, 1)(455, 1)(457, 1)(458, 1)(459, 1)(460, 1)(461, 3)(462, 1)(463, 1)(464, 1)(465, 3)(466, 1)(467, 1)(469, 1)(470, 1)(471, 1)(472, 1)(473, 1)(474, 1)(475, 1)(476, 1)(477, 2)(478, 1)(479, 1)(480, 1)(482, 1)(483, 1)(484, 1)(485, 1)(486, 3)(487, 1)(488, 1)(489, 1)(490, 1)(491, 1)(492, 1)(493, 3)(494, 1)(495, 1)(496, 1)(497, 1)(498, 1)(499, 1)(500, 1)(502, 1)(503, 1)(504, 1)(506, 1)(507, 1)(508, 1)(509, 1)(510, 1)(511, 3)(512, 1)(513, 1)(514, 1)(515, 1)(516, 1)(518, 1)(519, 1)(520, 1)(521, 1)(522, 1)(523, 1)(524, 1)(525, 1)(527, 1)(528, 1)(529, 1)(530, 3)(531, 1)(532, 1)(534, 1)(535, 1)(536, 1)(537, 1)(538, 1)(539, 1)(540, 1)(541, 1)(542, 3)(543, 1)(544, 1)(545, 1)(546, 3)(547, 1)(548, 1)(549, 1)(550, 1)(552, 1)(553, 1)(554, 3)(555, 1)(556, 1)(557, 1)(558, 1)(559, 3)(560, 1)(561, 1)(562, 3)(563, 1)(564, 1)(565, 1)(566, 1)(567, 1)(568, 1)(569, 1)(571, 1)(572, 1)(573, 1)(574, 1)(575, 1)(576, 1)(577, 1)(578, 1)(579, 1)(580, 1)(581, 1)(583, 1)(584, 3)(585, 1)(587, 1)(588, 1)(589, 1)(590, 1)(591, 1)(592, 1)(593, 1)(595, 1)(596, 1)(597, 1)(598, 1)(600, 1)(601, 1)(603, 1)(604, 1)(605, 3)(606, 1)(607, 1)(608, 3)(609, 1)(610, 1)(611, 1)(612, 1)(613, 3)(614, 1)(615, 1)(616, 1)(617, 1)(618, 1)(619, 1)(620, 1)(621, 1)(622, 1)(623, 1)(625, 1)(626, 1)(627, 1)(628, 1)(629, 3)(630, 1)(631, 1)(632, 1)(633, 1)(634, 1)(635, 1)(636, 1)(637, 2)(638, 1)(639, 1)(640, 1)(641, 1)(642, 1)(643, 1)(644, 1)(646, 1)(647, 1)(649, 1)(650, 1)(651, 1)(652, 1)(654, 1)(655, 1)(656, 1)(657, 1)(658, 3)(659, 1)(660, 1)(661, 3)(662, 1)(663, 3)(664, 1)(665, 3)(666, 1)(667, 1)(668, 1)(670, 1)(671, 1)(672, 1)(673, 1)(674, 1)(675, 3)(676, 1)(678, 1)(679, 1)(680, 1)(681, 1)(682, 1)(683, 1)(684, 1)(685, 3)(686, 1)(687, 1)(688, 1)(689, 1)(690, 1)(691, 1)(692, 3)(693, 1)(694, 3)(695, 1)(696, 1)(697, 1)(699, 1)(700, 1)(702, 1)(704, 1)(706, 1)(707, 1)(708, 1)(709, 1)(710, 1)(711, 1)(712, 1)(713, 3)(714, 1)(716, 1)(717, 1)(718, 1)(719, 1)(720, 1)(721, 1)(722, 1)(723, 3)(724, 1)(726, 1)(727, 1)(728, 1)(729, 1)(730, 3)(731, 1)(733, 1)(735, 1)(736, 1)(737, 1)(738, 1)(739, 1)(740, 1)(741, 1)(742, 1)(743, 3)(744, 1)(745, 1)(746, 3)(747, 1)(748, 1)(749, 3)(750, 1)(751, 1)(752, 1)(754, 1)(755, 1)(756, 1)(757, 1)(758, 1)(759, 3)(760, 1)(761, 1)(762, 1)(764, 1)(765, 1)(766, 1)(767, 3)(768, 1)(769, 1)(771, 1)(772, 1)(773, 1)(774, 1)(775, 1)(776, 1)(777, 1)(778, 3)(779, 1)(780, 3)(781, 1)(782, 1)(784, 1)(785, 1)(787, 1)(788, 1)(790, 1)(791, 3)(792, 1)(793, 1)(794, 1)(795, 3)(796, 1)(797, 2)(798, 1)(800, 1)(801, 1)(802, 3)(803, 1)(804, 1)(805, 3)(806, 1)(808, 1)(809, 1)(810, 3)(811, 1)(812, 3)(813, 1)(814, 1)(815, 3)(816, 1)(817, 1)(819, 1)(821, 1)(822, 1)(823, 1)(824, 1)(825, 1)(826, 1)(827, 1)(828, 1)(829, 1)(830, 1)(832, 1)(833, 1)(834, 1)(836, 1)(838, 1)(839, 3)(840, 1)(841, 1)(843, 1)(844, 1)(846, 1)(847, 1)(848, 1)(849, 1)(851, 1)(853, 1)(854, 1)(856, 1)(857, 1)(858, 1)(859, 1)(860, 1)(861, 1)(862, 1)(863, 1)(864, 3)(865, 1)(866, 1)(867, 1)(868, 3)(869, 1)(870, 1)(871, 1)(872, 1)(873, 1)(874, 1)(875, 1)(876, 1)(877, 1)(878, 1)(880, 1)(881, 1)(882, 1)(883, 1)(884, 1)(885, 1)(886, 1)(887, 1)(888, 3)(889, 1)(890, 1)(891, 1)(892, 1)(893, 3)(894, 1)(895, 1)(896, 1)(897, 3)(898, 1)(899, 1)(900, 1)(901, 1)(902, 3)(903, 1)(905, 1)(906, 1)(907, 1)(909, 1)(910, 1)(911, 1)(912, 1)(913, 1)(914, 1)(915, 1)(916, 1)(917, 1)(918, 2)(919, 1)(920, 1)(921, 1)(922, 3)(923, 1)(924, 1)(925, 1)(926, 1)(927, 1)(929, 1)(930, 1)(931, 1)(932, 1)(934, 1)(935, 1)(936, 1)(938, 1)(939, 1)(940, 1)(941, 1)(943, 1)(944, 1)(945, 1)(946, 1)(947, 1)(948, 3)(949, 1)(950, 1)(951, 1)(952, 3)(953, 1)(954, 1)(955, 1)(956, 1)(957, 1)(959, 1)(960, 1)(961, 1)(963, 1)(964, 1)(965, 1)(966, 1)(967, 1)(968, 3)(969, 1)(970, 1)(971, 1)(972, 1)(973, 1)(974, 1)(975, 1)(976, 1)(977, 1)(978, 3)(979, 1)(980, 1)(981, 1)(982, 1)(983, 1)(984, 1)(985, 3)(986, 1)(987, 1)(989, 1)(990, 3)(991, 1)(993, 1)(994, 3)(995, 1)(996, 1)(997, 1)(998, 1)(999, 2)(1000, 1)(1001, 1)(1002, 1)(1003, 1)(1004, 1)(1005, 1)(1006, 1)(1007, 1)(1009, 1)(1010, 1)(1011, 1)(1012, 1)(1013, 1)(1014, 3)(1015, 1)(1016, 1)(1017, 1)(1019, 1)(1020, 1)(1021, 1)(1022, 3)(1023, 1)(1024, 1)(1026, 1)(1027, 1)(1028, 1)(1029, 1)(1031, 1)(1032, 1)(1033, 1)(1035, 1)(1036, 1)(1037, 1)(1038, 1)(1040, 1)(1041, 1)(1042, 1)(1043, 1)(1044, 1)(1045, 1)(1046, 1)(1047, 1)(1048, 1)(1049, 1)(1050, 3)(1051, 1)(1052, 1)(1053, 1)(1055, 1)(1056, 1)(1057, 1)(1058, 1)(1059, 3)(1060, 1)(1061, 1)(1063, 1)(1064, 1)(1065, 1)(1066, 1)(1067, 1)(1068, 1)(1069, 1)(1070, 1)(1071, 1)(1072, 3)(1073, 1)(1074, 1)(1075, 1)(1076, 1)(1077, 1)(1078, 1)(1079, 1)(1080, 1)(1081, 1)(1082, 1)(1083, 3)(1084, 1)(1085, 1)(1086, 1)(1087, 1)(1088, 1)(1089, 1)(1091, 1)(1092, 3)(1093, 1)(1094, 1)(1095, 1)(1096, 1)(1097, 1)(1098, 1)(1100, 1)(1101, 1)(1102, 1)(1103, 1)(1104, 1)(1105, 3)(1106, 1)(1107, 1)(1108, 1)(1109, 1)(1110, 3)(1111, 1)(1113, 1)(1114, 1)(1115, 1)(1116, 1)(1117, 1)(1118, 1)(1119, 1)(1120, 1)(1121, 1)(1122, 1)(1124, 1)(1125, 1)(1126, 1)(1127, 3)(1128, 1)(1129, 1)(1130, 1)(1131, 1)(1133, 1)(1134, 1)(1135, 3)